. LET()	27285257	27285257	5.10694
de LID(bep,stan,rest)	25614478	52899735	9.90116
, LET()	17983764	70883499	13.2672
van VZ(init)	12073617	82957116	15.527
een LID(onbep,stan,agr)	10551795	93508911	17.5019
en VG(neven)	9836848	103345759	19.3431
in VZ(init)	9079878	112425637	21.0425
het LID(bep,stan,evon)	8744386	121170023	22.6792
zijn WW(pv,tgw,ev)	6396236	127566259	23.8764
op VZ(init)	4501376	132067635	24.7189
ik VNW(pers,pron,nomin,vol,1,ev)	4353465	136421100	25.5337
met VZ(init)	4047845	140468945	26.2914
te VZ(init)	3907581	144376526	27.0227
voor VZ(init)	3872115	148248641	27.7475
niet BW()	3771930	152020571	28.4535
) LET()	3449824	155470395	29.0992
: LET()	3430688	158901083	29.7413
het VNW(pers,pron,stan,red,3,ev,onz)	3229272	162130355	30.3457
( LET()	3229027	165359382	30.9501
dat VG(onder)	3119582	168478964	31.534
" LET()	2814343	171293307	32.0607
er VNW(aanw,adv-pron,stan,red,3,getal)	2682840	173976147	32.5629
- LET()	2637105	176613252	33.0564
' LET()	2618414	179231666	33.5465
? LET()	2589010	181820676	34.0311
ook BW()	2466139	184286815	34.4927
maar VG(neven)	2381066	186667881	34.9383
die VNW(betr,pron,stan,vol,persoon,getal)	2224389	188892270	35.3547
om VZ(init)	2179949	191072219	35.7627
hij VNW(pers,pron,nomin,vol,3,ev,masc)	2118875	193191094	36.1593
je VNW(pers,pron,nomin,red,2v,ev)	2094755	195285849	36.5514
dat VNW(aanw,pron,stan,vol,3o,ev)	2072242	197358091	36.9392
aan VZ(init)	2041762	199399853	37.3214
zijn WW(pv,tgw,mv)	1976900	201376753	37.6914
nog BW()	1799737	203176490	38.0282
bij VZ(init)	1668474	204844964	38.3405
zijn WW(pv,verl,ev)	1647826	206492790	38.6489
als VG(onder)	1588878	208081668	38.9463
hebben WW(pv,tgw,met-t)	1565396	209647064	39.2393
naar VZ(init)	1553525	211200589	39.5301
zijn VNW(bez,det,stan,vol,3,ev,prenom,zonder,agr)	1528153	212728742	39.8161
we VNW(pers,pron,nomin,red,1,mv)	1524057	214252799	40.1014
! LET()	1491329	215744128	40.3805
ze VNW(pers,pron,stan,red,3,mv)	1483513	217227641	40.6582
door VZ(init)	1359258	218586899	40.9126
of VG(neven)	1318457	219905356	41.1594
dan BW()	1304627	221209983	41.4035
tot VZ(init)	1213164	222423147	41.6306
al BW()	1197569	223620716	41.8547
wel BW()	1169979	224790695	42.0737
over VZ(init)	1147484	225938179	42.2885
uit VZ(init)	1141429	227079608	42.5021
die VNW(aanw,det,stan,prenom,zonder,rest)	1136993	228216601	42.715
kunnen WW(pv,tgw,ev)	1098252	229314853	42.9205
geen VNW(onbep,det,stan,prenom,zonder,agr)	1095717	230410570	43.1256
worden WW(pv,tgw,met-t)	1052250	231462820	43.3225
nu BW()	1013942	232476762	43.5123
jaar N(soort,ev,basis,onz,stan)	1010437	233487199	43.7014
wat VNW(vb,pron,stan,vol,3o,ev)	977640	234464839	43.8844
zo BW()	965151	235429990	44.0651
veel VNW(onbep,grad,stan,vrij,zonder,comp)	911110	236341100	44.2356
zich VNW(refl,pron,obl,red,3,getal)	876981	237218081	44.3997
hebben WW(pv,tgw,mv)	865660	238083741	44.5618
mijn VNW(bez,det,stan,vol,1,ev,prenom,zonder,agr)	865063	238948804	44.7237
moeten WW(pv,tgw,ev)	847933	239796737	44.8824
... LET()	835575	240632312	45.0388
hun VNW(bez,det,stan,vol,3,mv,prenom,zonder,agr)	802334	241434646	45.189
worden WW(inf,vrij,zonder)	802053	242236699	45.3391
worden WW(pv,verl,ev)	789348	243026047	45.4868
deze VNW(aanw,det,stan,prenom,met-e,rest)	773780	243799827	45.6316
als VZ(init)	742643	244542470	45.7706
hebben WW(pv,tgw,ev)	721115	245263585	45.9056
zullen WW(pv,verl,ev)	716580	245980165	46.0397
na VZ(init)	679172	246659337	46.1669
; LET()	655070	247314407	46.2895
hebben WW(pv,verl,ev)	652670	247967077	46.4116
zullen WW(pv,tgw,ev)	639103	248606180	46.5312
daar VNW(aanw,adv-pron,obl,vol,3o,getal)	626945	249233125	46.6486
tegen VZ(init)	625529	249858654	46.7657
toch BW()	618945	250477599	46.8815
zijn WW(inf,vrij,zonder)	617298	251094897	46.9971
ze VNW(pers,pron,stan,red,3,ev,fem)	617287	251712184	47.1126
op VZ(fin)	608569	252320753	47.2265
1 TW(hoofd,vrij)	589479	252910232	47.3368
goed ADJ(vrij,basis,zonder)	583244	253493476	47.446
/ LET()	575038	254068514	47.5536
haar VNW(bez,det,stan,vol,3,ev,prenom,zonder,agr)	565311	254633825	47.6594
twee TW(hoofd,prenom,stan)	564145	255197970	47.765
willen WW(pv,tgw,ev)	554767	255752737	47.8689
gaan WW(pv,tgw,met-t)	529315	256282052	47.9679
dit VNW(aanw,det,stan,prenom,zonder,evon)	527931	256809983	48.0667
mens N(soort,mv,basis)	527816	257337799	48.1655
dus BW()	526529	257864328	48.2641
ander ADJ(prenom,basis,met-e,stan)	516504	258380832	48.3607
waar VNW(vb,adv-pron,obl,vol,3o,getal)	511318	258892150	48.4565
me VNW(pr,pron,obl,red,1,ev)	511132	259403282	48.5521
dan VG(onder)	510746	259914028	48.6477
die VNW(aanw,pron,stan,vol,3,getal)	509793	260423821	48.7431
hier VNW(aanw,adv-pron,obl,vol,3o,getal)	505319	260929140	48.8377
nieuw ADJ(prenom,basis,met-e,stan)	501149	261430289	48.9315
aan VZ(fin)	496084	261926373	49.0244
een TW(rang,prenom,stan)	494735	262421108	49.117
onder VZ(init)	485821	262906929	49.2079
weer BW()	479943	263386872	49.2977
uit VZ(fin)	473985	263860857	49.3864
maar BW()	473839	264334696	49.4751
hem VNW(pers,pron,obl,vol,3,ev,masc)	470075	264804771	49.5631
Van SPEC(deeleigen)	468309	265273080	49.6508
hoe BW()	462594	265735674	49.7373
alleen BW()	450744	266186418	49.8217
u VNW(pers,pron,nomin,vol,2b,getal)	442786	266629204	49.9046
eens BW()	429179	267058383	49.9849
omdat VG(onder)	428360	267486743	50.0651
dit VNW(aanw,pron,stan,vol,3o,ev)	426538	267913281	50.1449
zeggen WW(pv,tgw,met-t)	417712	268330993	50.2231
al VNW(onbep,det,stan,prenom,met-e,agr)	415099	268746092	50.3008
ons VNW(bez,det,stan,vol,1,mv,prenom,met-e,rest)	410815	269156907	50.3777
heel ADJ(vrij,basis,zonder)	406069	269562976	50.4537
kunnen WW(pv,tgw,mv)	404925	269967901	50.5295
2 TW(hoofd,vrij)	398506	270366407	50.6041
ja TSW()	397690	270764097	50.6785
tussen VZ(init)	388546	271152643	50.7512
doen WW(inf,vrij,zonder)	388198	271540841	50.8239
* LET()	384163	271925004	50.8958
komen WW(pv,tgw,met-t)	384117	272309121	50.9677
iets VNW(onbep,pron,stan,vol,3o,ev)	384007	272693128	51.0396
uur N(soort,ev,basis,onz,stan)	376647	273069775	51.1101
dat VNW(betr,pron,stan,vol,3,ev)	374928	273444703	51.1802
veel VNW(onbep,grad,stan,vrij,zonder,basis)	369250	273813953	51.2493
wij VNW(pers,pron,nomin,vol,1,mv)	365093	274179046	51.3177
'' LET()	364646	274543692	51.3859
zijn WW(pv,verl,mv)	362018	274905710	51.4537
te BW()	361310	275267020	51.5213
moeten WW(pv,tgw,mv)	360178	275627198	51.5887
gaan WW(inf,vrij,zonder)	358085	275985283	51.6557
groot ADJ(prenom,basis,met-e,stan)	356787	276342070	51.7225
zoals VG(onder)	353735	276695805	51.7887
af VZ(fin)	350931	277046736	51.8544
veel VNW(onbep,grad,stan,prenom,zonder,agr,basis)	350421	277397157	51.92
maken WW(inf,vrij,zonder)	349688	277746845	51.9855
wie VNW(vb,pron,stan,vol,3p,getal)	349564	278096409	52.0509
altijd BW()	349201	278445610	52.1162
mee VZ(fin)	348231	278793841	52.1814
tijd N(soort,ev,basis,zijd,stan)	346458	279140299	52.2463
euro N(soort,ev,basis,zijd,stan)	345956	279486255	52.311
worden WW(pv,tgw,mv)	344655	279830910	52.3755
wat VNW(onbep,pron,stan,vol,3o,ev)	343592	280174502	52.4398
volgens VZ(init)	336304	280510806	52.5028
want VG(neven)	334985	280845791	52.5655
zelf BW()	334593	281180384	52.6281
te VZ(versm)	332382	281512766	52.6903
ons VNW(pr,pron,obl,vol,1,mv)	323342	281836108	52.7508
dat VNW(aanw,det,stan,prenom,zonder,evon)	322541	282158649	52.8112
De SPEC(deeleigen)	322530	282481179	52.8716
in VZ(fin)	320565	282801744	52.9316
weten WW(pv,tgw,ev)	319905	283121649	52.9914
zonder VZ(init)	317541	283439190	53.0509
dag N(soort,ev,basis,zijd,stan)	310942	283750132	53.1091
je VNW(bez,det,stan,red,2v,ev,prenom,zonder,agr)	306535	284056667	53.1665
kunnen WW(inf,vrij,zonder)	305492	284362159	53.2236
drie TW(hoofd,prenom,stan)	305021	284667180	53.2807
:p SPEC(symb)	302240	284969420	53.3373
man N(soort,ev,basis,zijd,stan)	296342	285265762	53.3928
alles VNW(onbep,pron,stan,vol,3o,ev)	290593	285556355	53.4471
.. LET()	287970	285844325	53.501
een TW(hoofd,prenom,stan)	287053	286131378	53.5548
echt ADJ(vrij,basis,zonder)	286967	286418345	53.6085
vooral BW()	285573	286703918	53.6619
staan WW(pv,tgw,met-t)	285137	286989055	53.7153
3 TW(hoofd,vrij)	284776	287273831	53.7686
eigen ADJ(prenom,basis,zonder)	281642	287555473	53.8213
mij VNW(pr,pron,obl,vol,1,ev)	268946	287824419	53.8717
zelfs BW()	268192	288092611	53.9219
toe VZ(fin)	267933	288360544	53.972
enkel VNW(onbep,det,stan,prenom,met-e,rest)	264499	288625043	54.0215
plaats N(soort,ev,basis,zijd,stan)	261544	288886587	54.0705
even BW()	259751	289146338	54.1191
keer N(soort,ev,basis,zijd,stan)	259732	289406070	54.1677
nooit BW()	259629	289665699	54.2163
zeker ADJ(vrij,basis,zonder)	259432	289925131	54.2648
men VNW(pers,pron,nomin,red,3p,ev,masc)	257445	290182576	54.313
jaar N(soort,mv,basis)	255025	290437601	54.3608
net BW()	252815	290690416	54.4081
zij VNW(pers,pron,nomin,vol,3p,mv)	251691	290942107	54.4552
veel VNW(onbep,grad,stan,prenom,zonder,agr,comp)	248399	291190506	54.5017
mogen WW(pv,tgw,ev)	246543	291437049	54.5478
terug BW()	245514	291682563	54.5938
worden WW(pv,verl,mv)	242058	291924621	54.6391
komen WW(inf,vrij,zonder)	241705	292166326	54.6843
zullen WW(pv,tgw,mv)	241179	292407505	54.7295
% SPEC(symb)	241024	292648529	54.7746
0 TW(hoofd,vrij)	240780	292889309	54.8196
toen VG(onder)	240779	293130088	54.8647
kind N(soort,mv,basis)	238633	293368721	54.9094
week N(soort,ev,basis,zijd,stan)	238585	293607306	54.954
kunnen WW(pv,verl,ev)	234358	293841664	54.9979
zien WW(inf,vrij,zonder)	234021	294075685	55.0417
tijdens VZ(init)	231456	294307141	55.085
leven N(soort,ev,basis,onz,stan)	227298	294534439	55.1276
jij VNW(pers,pron,nomin,vol,2v,ev)	226245	294760684	55.1699
komen WW(pv,verl,ev)	225701	294986385	55.2122
da VNW(aanw,pron,stan,vol,3o,ev)	222804	295209189	55.2539
zitten WW(pv,tgw,ev)	219526	295428715	55.2949
goed ADJ(prenom,basis,met-e,stan)	219400	295648115	55.336
laten WW(inf,vrij,zonder)	216810	295864925	55.3766
steeds BW()	216256	296081181	55.4171
werk N(soort,ev,basis,onz,stan)	215456	296296637	55.4574
land N(soort,ev,basis,onz,stan)	214705	296511342	55.4976
niets VNW(onbep,pron,stan,vol,3o,ev)	214326	296725668	55.5377
vandaag BW()	213937	296939605	55.5777
gewoon ADJ(vrij,basis,zonder)	213366	297152971	55.6177
per VZ(init)	213034	297366005	55.6575
hebben WW(inf,vrij,zonder)	211549	297577554	55.6971
laat ADJ(prenom,sup,met-e,stan)	211258	297788812	55.7367
blijven WW(pv,tgw,met-t)	210120	297998932	55.776
via VZ(init)	208592	298207524	55.815
iedereen VNW(onbep,pron,stan,vol,3p,ev)	208394	298415918	55.8541
voor VZ(fin)	208185	298624103	55.893
procent N(soort,ev,basis,onz,stan)	207784	298831887	55.9319
goed ADJ(vrij,comp,zonder)	207623	299039510	55.9708
aantal N(soort,ev,basis,onz,stan)	207434	299246944	56.0096
twee TW(rang,prenom,stan)	206905	299453849	56.0483
samen BW()	204523	299658372	56.0866
zo'n VNW(aanw,det,stan,prenom,zonder,agr)	202757	299861129	56.1246
europees ADJ(prenom,basis,met-e,stan)	202243	300063372	56.1624
gaan WW(pv,verl,ev)	201883	300265255	56.2002
nee TSW()	201575	300466830	56.2379
gaan WW(pv,tgw,ev)	198616	300665446	56.2751
4 TW(hoofd,vrij)	196754	300862200	56.3119
elkaar VNW(recip,pron,obl,vol,persoon,mv)	196261	301058461	56.3487
over VZ(fin)	196222	301254683	56.3854
misschien BW()	194731	301449414	56.4218
zeggen WW(inf,vrij,zonder)	194705	301644119	56.4583
eind N(soort,ev,basis,onz,stan)	193653	301837772	56.4945
iemand VNW(onbep,pron,stan,vol,3p,ev)	193437	302031209	56.5307
waarom BW()	192222	302223431	56.5667
zeggen WW(pv,verl,ev)	190269	302413700	56.6023
lang ADJ(vrij,basis,zonder)	189745	302603445	56.6378
Nederland SPEC(deeleigen)	188445	302791890	56.6731
hebben WW(pv,verl,mv)	188192	302980082	56.7083
toen BW()	185699	303165781	56.7431
miljoen N(soort,ev,basis,onz,stan)	185394	303351175	56.7778
artikel N(soort,ev,basis,onz,stan)	184012	303535187	56.8122
heel ADJ(prenom,basis,met-e,stan)	183238	303718425	56.8465
moeten WW(pv,verl,ev)	181303	303899728	56.8805
] LET()	180371	304080099	56.9142
doen WW(pv,tgw,met-t)	179713	304259812	56.9478
laten WW(pv,tgw,ev)	179183	304438995	56.9814
vinden WW(pv,tgw,ev)	178420	304617415	57.0148
allemaal BW()	177739	304795154	57.048
geld N(soort,ev,basis,onz,stan)	177581	304972735	57.0813
:) SPEC(symb)	177298	305150033	57.1145
denken WW(pv,tgw,ev)	176409	305326442	57.1475
moeten WW(inf,vrij,zonder)	176088	305502530	57.1804
haar VNW(pers,pron,obl,vol,3,getal,fem)	175780	305678310	57.2133
sinds VZ(init)	175583	305853893	57.2462
geleden BW()	175389	306029282	57.279
bijna BW()	173613	306202895	57.3115
vrouw N(soort,ev,basis,zijd,stan)	173561	306376456	57.344
laat ADJ(vrij,comp,zonder)	173195	306549651	57.3764
wereld N(soort,ev,basis,zijd,stan)	172999	306722650	57.4088
eerst BW()	172023	306894673	57.441
zullen WW(pv,verl,mv)	171978	307066651	57.4732
erg ADJ(vrij,basis,zonder)	171148	307237799	57.5052
me VNW(pr,pron,obl,vol,1,ev)	170905	307408704	57.5372
mogelijk ADJ(vrij,basis,zonder)	170780	307579484	57.5692
nodig ADJ(vrij,basis,zonder)	169218	307748702	57.6009
gaan WW(pv,tgw,mv)	168516	307917218	57.6324
willen WW(pv,tgw,mv)	168062	308085280	57.6639
minder VNW(onbep,grad,stan,vrij,zonder,comp)	166992	308252272	57.6951
gisteren BW()	166872	308419144	57.7263
elk VNW(onbep,det,stan,prenom,met-e,evz)	166534	308585678	57.7575
hen VNW(pers,pron,obl,vol,3p,mv)	166345	308752023	57.7886
pas BW()	165477	308917500	57.8196
maken WW(pv,tgw,met-t)	165247	309082747	57.8505
snel ADJ(vrij,basis,zonder)	164565	309247312	57.8813
weg BW()	164099	309411411	57.9121
van VZ(fin)	163579	309574990	57.9427
uw VNW(bez,det,stan,vol,2,getal,prenom,zonder,agr)	162434	309737424	57.9731
[ LET()	162406	309899830	58.0035
of VG(onder)	162146	310061976	58.0338
deel N(soort,ev,basis,onz,stan)	162095	310224071	58.0642
België SPEC(deeleigen)	161353	310385424	58.0944
huis N(soort,ev,basis,onz,stan)	161311	310546735	58.1246
the SPEC(vreemd)	160864	310707599	58.1547
echter BW()	160542	310868141	58.1847
natuurlijk ADJ(vrij,basis,zonder)	160131	311028272	58.2147
dag N(soort,mv,basis)	159491	311187763	58.2445
geven WW(inf,vrij,zonder)	159237	311347000	58.2743
krijgen WW(pv,verl,ev)	158888	311505888	58.3041
je VNW(pr,pron,obl,red,2v,getal)	158651	311664539	58.3338
rond VZ(init)	158367	311822906	58.3634
vanaf VZ(init)	158178	311981084	58.393
6 TW(hoofd,vrij)	157974	312139058	58.4226
krijgen WW(pv,tgw,met-t)	157875	312296933	58.4521
5 TW(hoofd,vrij)	157865	312454798	58.4817
opnieuw BW()	157771	312612569	58.5112
ver ADJ(vrij,comp,zonder)	156903	312769472	58.5406
helemaal BW()	156849	312926321	58.5699
anders BW()	156355	313082676	58.5992
zijn WW(pv,tgw,met-t)	155366	313238042	58.6283
maand N(soort,mv,basis)	153942	313391984	58.6571
stad N(soort,ev,basis,zijd,stan)	153738	313545722	58.6859
vier TW(hoofd,prenom,stan)	153510	313699232	58.7146
zien WW(pv,tgw,ev)	153124	313852356	58.7433
minister N(soort,ev,basis,zijd,stan)	153036	314005392	58.7719
zijn WW(vd,vrij,zonder)	152765	314158157	58.8005
liggen WW(pv,tgw,met-t)	152008	314310165	58.829
ons VNW(bez,det,stan,vol,1,mv,prenom,zonder,evon)	151340	314461505	58.8573
blijven WW(inf,vrij,zonder)	150248	314611753	58.8854
lol N(soort,ev,basis,zijd,stan)	149883	314761636	58.9135
politie N(soort,ev,basis,zijd,stan)	149178	314910814	58.9414
terwijl VG(onder)	148488	315059302	58.9692
zeer BW()	148455	315207757	58.997
willen WW(pv,verl,ev)	147966	315355723	59.0247
vaak ADJ(vrij,basis,zonder)	147281	315503004	59.0522
volgen WW(od,prenom,met-e)	146310	315649314	59.0796
belgisch ADJ(prenom,basis,met-e,stan)	146016	315795330	59.1069
amerikaanse ADJ(prenom,basis,met-e,stan)	145854	315941184	59.1342
vrouw N(soort,mv,basis)	144778	316085962	59.1613
vraag N(soort,ev,basis,zijd,stan)	143352	316229314	59.1882
vorig ADJ(prenom,basis,zonder)	143261	316372575	59.215
re N(soort,ev,basis,zijd,stan)	143050	316515625	59.2417
eigenlijk ADJ(vrij,basis,zonder)	142753	316658378	59.2685
werken WW(inf,vrij,zonder)	142092	316800470	59.2951
vlaams ADJ(prenom,basis,met-e,stan)	140408	316940878	59.3213
maken WW(vd,vrij,zonder)	140167	317081045	59.3476
daarom BW()	140135	317221180	59.3738
nederlands ADJ(prenom,basis,met-e,stan)	139816	317360996	59.4
soms BW()	139305	317500301	59.426
graag BW()	138200	317638501	59.4519
houden WW(inf,vrij,zonder)	138013	317776514	59.4777
krijgen WW(inf,vrij,zonder)	137903	317914417	59.5036
jullie VNW(pers,pron,stan,nadr,2v,mv)	137812	318052229	59.5294
Brussel SPEC(deeleigen)	137674	318189903	59.5551
bij VZ(fin)	137649	318327552	59.5809
regering N(soort,ev,basis,zijd,stan)	136565	318464117	59.6064
lijken WW(pv,tgw,met-t)	136322	318600439	59.632
geven WW(pv,tgw,met-t)	136248	318736687	59.6575
naam N(soort,ev,basis,zijd,stan)	136134	318872821	59.6829
klein ADJ(prenom,basis,met-e,stan)	136101	319008922	59.7084
doen WW(vd,vrij,zonder)	135059	319143981	59.7337
vinden WW(pv,tgw,met-t)	134996	319278977	59.759
duidelijk ADJ(vrij,basis,zonder)	134680	319413657	59.7842
manier N(soort,ev,basis,zijd,stan)	134460	319548117	59.8093
nemen WW(inf,vrij,zonder)	134279	319682396	59.8345
vijf TW(hoofd,prenom,stan)	134002	319816398	59.8595
paar N(soort,ev,basis,onz,stan)	133747	319950145	59.8846
.... LET()	133432	320083577	59.9096
achter VZ(init)	131420	320214997	59.9342
waarin BW()	130267	320345264	59.9585
komen WW(pv,tgw,mv)	130113	320475377	59.9829
genoeg BW()	128511	320603888	60.0069
weten WW(inf,vrij,zonder)	127891	320731779	60.0309
geval N(soort,ev,basis,onz,stan)	127666	320859445	60.0548
beet N(soort,ev,dim,onz,stan)	127243	320986688	60.0786
commissie N(soort,ev,basis,zijd,stan)	126684	321113372	60.1023
ge VNW(pers,pron,nomin,red,2,getal)	126507	321239879	60.126
week N(soort,mv,basis)	125934	321365813	60.1496
groep N(soort,ev,basis,zijd,stan)	125503	321491316	60.173
verschillend ADJ(prenom,basis,met-e,stan)	124953	321616269	60.1964
bijvoorbeeld BW()	124755	321741024	60.2198
onderzoek N(soort,ev,basis,onz,stan)	123430	321864454	60.2429
staan WW(inf,vrij,zonder)	123155	321987609	60.2659
morgen BW()	121957	322109566	60.2888
binnen VZ(init)	119815	322229381	60.3112
begin N(soort,ev,basis,onz,stan)	119359	322348740	60.3335
seizoen N(soort,ev,basis,onz,stan)	118238	322466978	60.3557
meteen BW()	118128	322585106	60.3778
vorig ADJ(prenom,basis,met-e,stan)	118010	322703116	60.3999
voorzitter N(soort,ev,basis,zijd,stan)	117977	322821093	60.4219
Europa SPEC(deeleigen)	117950	322939043	60.444
ni BW()	117432	323056475	60.466
welk VNW(vb,det,stan,prenom,met-e,rest)	117422	323173897	60.488
moment N(soort,ev,basis,onz,stan)	117307	323291204	60.5099
zien WW(pv,tgw,met-t)	116913	323408117	60.5318
kans N(soort,ev,basis,zijd,stan)	116569	323524686	60.5536
bovendien BW()	116041	323640727	60.5753
man N(soort,mv,basis)	115595	323756322	60.597
partij N(soort,ev,basis,zijd,stan)	115288	323871610	60.6186
oud ADJ(prenom,basis,met-e,stan)	115210	323986820	60.6401
wanneer VG(onder)	113939	324100759	60.6614
staan WW(pv,verl,ev)	113480	324214239	60.6827
& SPEC(symb)	113330	324327569	60.7039
ooit BW()	113317	324440886	60.7251
politiek ADJ(prenom,basis,met-e,stan)	113298	324554184	60.7463
gezien WW(vd,vrij,zonder)	113249	324667433	60.7675
zij VNW(pers,pron,nomin,vol,3v,ev,fem)	112850	324780283	60.7886
komen WW(pv,tgw,ev)	112836	324893119	60.8098
land N(soort,mv,basis)	112082	325005201	60.8307
thuis BW()	111843	325117044	60.8517
probleem N(soort,ev,basis,onz,stan)	111218	325228262	60.8725
doen WW(pv,tgw,ev)	111171	325339433	60.8933
Vlaanderen SPEC(deeleigen)	110947	325450380	60.9141
bedrijf N(soort,ev,basis,onz,stan)	110596	325560976	60.9348
drie TW(rang,prenom,stan)	110360	325671336	60.9554
niemand VNW(onbep,pron,stan,vol,3p,ev)	110299	325781635	60.9761
hand N(soort,ev,basis,zijd,stan)	109862	325891497	60.9966
vinden WW(inf,vrij,zonder)	109079	326000576	61.017
goed ADJ(prenom,sup,met-e,stan)	108971	326109547	61.0374
al VNW(onbep,det,stan,vrij,zonder)	108256	326217803	61.0577
door VZ(fin)	108185	326325988	61.0779
7 TW(hoofd,vrij)	107112	326433100	61.098
slechts BW()	106756	326539856	61.118
groot ADJ(prenom,sup,met-e,stan)	106310	326646166	61.1379
zeggen WW(pv,tgw,ev)	105857	326752023	61.1577
@ SPEC(symb)	105679	326857702	61.1775
staan WW(pv,tgw,mv)	105570	326963272	61.1972
tien TW(hoofd,prenom,stan)	105508	327068780	61.217
school N(soort,ev,basis,zijd,stan)	105337	327174117	61.2367
probleem N(soort,mv,basis)	104881	327278998	61.2563
enig VNW(onbep,det,stan,prenom,met-e,rest)	104464	327383462	61.2759
naast VZ(init)	104391	327487853	61.2954
titel N(soort,ev,basis,zijd,stan)	103708	327591561	61.3148
Antwerpen SPEC(deeleigen)	103587	327695148	61.3342
vader N(soort,ev,basis,zijd,stan)	103494	327798642	61.3536
bekend ADJ(vrij,basis,zonder)	102573	327901215	61.3728
maken WW(pv,verl,ev)	102562	328003777	61.392
raad N(soort,ev,basis,zijd,stan)	102455	328106232	61.4111
weg N(soort,ev,basis,zijd,stan)	102329	328208561	61.4303
daarna BW()	101853	328310414	61.4494
horen WW(pv,tgw,ev)	100852	328411266	61.4682
binnen VZ(fin)	100683	328511949	61.4871
kijken WW(inf,vrij,zonder)	100391	328612340	61.5059
moeilijk ADJ(vrij,basis,zonder)	99395	328711735	61.5245
boek N(soort,ev,basis,onz,stan)	99282	328811017	61.5431
| LET()	99229	328910246	61.5616
vast ADJ(vrij,basis,zonder)	98778	329009024	61.5801
` LET()	98650	329107674	61.5986
brengen WW(inf,vrij,zonder)	98490	329206164	61.617
kunnen WW(pv,tgw,met-t)	98431	329304595	61.6354
moeder N(soort,ev,basis,zijd,stan)	98219	329402814	61.6538
een TW(hoofd,vrij)	97958	329500772	61.6722
bestaan WW(pv,tgw,met-t)	97484	329598256	61.6904
niks VNW(onbep,pron,stan,vol,3o,ev)	97422	329695678	61.7086
dezelfde ADJ(prenom,basis,zonder)	96893	329792571	61.7268
water N(soort,ev,basis,onz,stan)	96845	329889416	61.7449
aldus BW()	96837	329986253	61.763
vinden WW(pv,verl,ev)	96291	330082544	61.781
jong ADJ(prenom,basis,met-e,stan)	95851	330178395	61.799
blijken WW(pv,tgw,met-t)	95712	330274107	61.8169
8 TW(hoofd,vrij)	95606	330369713	61.8348
muziek N(soort,ev,basis,zijd,stan)	94993	330464706	61.8526
zaak N(soort,mv,basis)	94940	330559646	61.8703
a SPEC(vreemd)	94870	330654516	61.8881
elk VNW(onbep,det,stan,prenom,zonder,evon)	94677	330749193	61.9058
ver ADJ(vrij,basis,zonder)	94488	330843681	61.9235
la SPEC(vreemd)	94473	330938154	61.9412
ouder N(soort,mv,basis)	94228	331032382	61.9588
doen WW(pv,verl,ev)	94008	331126390	61.9764
kind N(soort,ev,basis,onz,stan)	93826	331220216	61.994
groot ADJ(prenom,basis,zonder)	93802	331314018	62.0115
zaak N(soort,ev,basis,zijd,stan)	93491	331407509	62.029
mogen WW(pv,tgw,mv)	93418	331500927	62.0465
= SPEC(symb)	92980	331593907	62.0639
nie BW()	92882	331686789	62.0813
wedstrijd N(soort,ev,basis,zijd,stan)	92706	331779495	62.0987
;) SPEC(symb)	92608	331872103	62.116
geworden WW(vd,vrij,zonder)	92344	331964447	62.1333
Jan SPEC(deeleigen)	92297	332056744	62.1506
bezig ADJ(vrij,basis,zonder)	92261	332149005	62.1678
zowel BW()	92125	332241130	62.1851
maand N(soort,ev,basis,zijd,stan)	92114	332333244	62.2023
film N(soort,ev,basis,zijd,stan)	91382	332424626	62.2194
vallen WW(pv,tgw,met-t)	91336	332515962	62.2365
Gent SPEC(deeleigen)	91287	332607249	62.2536
ding N(soort,mv,basis)	91236	332698485	62.2707
zes TW(hoofd,prenom,stan)	90780	332789265	62.2877
10 TW(hoofd,vrij)	90769	332880034	62.3046
zin N(soort,ev,basis,zijd,stan)	90672	332970706	62.3216
spelen WW(inf,vrij,zonder)	90551	333061257	62.3386
bedrijf N(soort,mv,basis)	90241	333151498	62.3555
punt N(soort,mv,basis)	90214	333241712	62.3723
zien WW(pv,verl,ev)	90077	333331789	62.3892
gezegd WW(vd,vrij,zonder)	89547	333421336	62.406
ploeg N(soort,ev,basis,zijd,stan)	89427	333510763	62.4227
gemeente N(soort,ev,basis,zijd,stan)	89356	333600119	62.4394
10 TW(hoofd,prenom,stan)	89296	333689415	62.4561
markt N(soort,ev,basis,zijd,stan)	89241	333778656	62.4728
zondag SPEC(deeleigen)	89114	333867770	62.4895
zodat VG(onder)	89020	333956790	62.5062
The SPEC(vreemd)	88910	334045700	62.5228
he TSW()	88707	334134407	62.5394
veel VNW(onbep,grad,stan,vrij,zonder,sup)	88690	334223097	62.556
een LID(onbep,dial)	87998	334311095	62.5725
meter N(soort,ev,basis,zijd,stan)	87899	334398994	62.589
van SPEC(deeleigen)	87355	334486349	62.6053
2 TW(hoofd,prenom,stan)	87337	334573686	62.6216
zitten WW(inf,vrij,zonder)	86727	334660413	62.6379
nieuw ADJ(prenom,basis,zonder)	86665	334747078	62.6541
beide VNW(onbep,grad,stan,prenom,met-e,mv,basis)	86550	334833628	62.6703
trouwens BW()	86441	334920069	62.6865
houden WW(pv,tgw,met-t)	86420	335006489	62.7027
RT SPEC(symb)	86179	335092668	62.7188
zetten WW(inf,vrij,zonder)	86147	335178815	62.7349
9 TW(hoofd,vrij)	86069	335264884	62.751
20 TW(hoofd,prenom,stan)	86029	335350913	62.7671
jou VNW(pers,pron,obl,vol,2v,ev)	85876	335436789	62.7832
willen WW(inf,vrij,zonder)	85636	335522425	62.7992
krijgen WW(pv,tgw,mv)	85485	335607910	62.8152
sommig VNW(onbep,det,stan,prenom,met-e,rest)	85412	335693322	62.8312
hoofd N(soort,ev,basis,onz,stan)	85371	335778693	62.8472
meest VNW(onbep,grad,stan,prenom,met-e,agr,sup)	85235	335863928	62.8631
frans ADJ(prenom,basis,met-e,stan)	85089	335949017	62.8791
uiteindelijk ADJ(vrij,basis,zonder)	84959	336033976	62.895
president N(soort,ev,basis,zijd,stan)	84726	336118702	62.9108
auto N(soort,ev,basis,zijd,stan)	84508	336203210	62.9266
sociaal ADJ(prenom,basis,met-e,stan)	84443	336287653	62.9424
zitten WW(pv,verl,ev)	84137	336371790	62.9582
familie N(soort,ev,basis,zijd,stan)	83969	336455759	62.9739
weinig VNW(onbep,grad,stan,vrij,zonder,basis)	83893	336539652	62.9896
nemen WW(pv,tgw,met-t)	83817	336623469	63.0053
inderdaad BW()	83590	336707059	63.0209
foto N(soort,ev,basis,zijd,stan)	82868	336789927	63.0365
ervan BW()	82821	336872748	63.052
helft N(soort,ev,basis,zijd,stan)	82800	336955548	63.0675
quote SPEC(vreemd)	82456	337038004	63.0829
zitten WW(pv,tgw,mv)	82017	337120021	63.0982
laten WW(pv,verl,ev)	82014	337202035	63.1136
lang ADJ(prenom,basis,met-e,stan)	81945	337283980	63.1289
stuk N(soort,ev,basis,onz,stan)	81814	337365794	63.1442
september SPEC(deeleigen)	81578	337447372	63.1595
d N(soort,ev,basis,zijd,stan)	80975	337528347	63.1747
p N(soort,ev,basis,zijd,stan)	80847	337609194	63.1898
11 TW(hoofd,vrij)	80384	337689578	63.2048
de LID(bep,gen,rest3)	80375	337769953	63.2199
gebruik N(soort,ev,basis,onz,stan)	80328	337850281	63.2349
leuk ADJ(vrij,basis,zonder)	80293	337930574	63.25
halen WW(inf,vrij,zonder)	80253	338010827	63.265
daarmee BW()	80046	338090873	63.28
best ADJ(vrij,sup,zonder)	80046	338170919	63.2949
juni SPEC(deeleigen)	80039	338250958	63.3099
miljard N(soort,ev,basis,onz,stan)	80000	338330958	63.3249
hebben WW(vd,vrij,zonder)	79929	338410887	63.3399
hand N(soort,mv,basis)	79915	338490802	63.3548
zaterdag SPEC(deeleigen)	79548	338570350	63.3697
et SPEC(vreemd)	78845	338649195	63.3845
werken WW(pv,tgw,met-t)	78815	338728010	63.3992
ongeveer BW()	78651	338806661	63.4139
lid N(soort,ev,basis,onz,stan)	78125	338884786	63.4286
mei SPEC(deeleigen)	78119	338962905	63.4432
echt ADJ(prenom,basis,met-e,stan)	78071	339040976	63.4578
verhaal N(soort,ev,basis,onz,stan)	77911	339118887	63.4724
precies ADJ(vrij,basis,zonder)	77897	339196784	63.4869
gebruiken WW(vd,vrij,zonder)	77794	339274578	63.5015
komen WW(pv,verl,mv)	77789	339352367	63.5161
succes N(soort,ev,basis,onz,stan)	77630	339429997	63.5306
aflopen WW(vd,prenom,zonder)	77579	339507576	63.5451
oog N(soort,mv,basis)	77499	339585075	63.5596
12 TW(hoofd,vrij)	77428	339662503	63.5741
weten WW(pv,verl,ev)	77236	339739739	63.5886
januari SPEC(deeleigen)	77091	339816830	63.603
goed ADJ(prenom,basis,zonder)	77085	339893915	63.6174
veel VNW(onbep,grad,stan,prenom,met-e,agr,basis)	76877	339970792	63.6318
immers BW()	76661	340047453	63.6462
de SPEC(deeleigen)	76579	340124032	63.6605
idee N(soort,ev,basis,onz,stan)	76528	340200560	63.6748
overheid N(soort,ev,basis,zijd,stan)	76493	340277053	63.6891
rol N(soort,ev,basis,zijd,stan)	76320	340353373	63.7034
langs VZ(init)	76162	340429535	63.7177
jong ADJ(nom,comp,met-e,mv-n)	76128	340505663	63.7319
enkel BW()	75764	340581427	63.7461
lang ADJ(vrij,comp,zonder)	75762	340657189	63.7603
kant N(soort,ev,basis,zijd,stan)	75656	340732845	63.7744
dood N(soort,ev,basis,zijd,stan)	75638	340808483	63.7886
informatie N(soort,ev,basis,zijd,stan)	75496	340883979	63.8027
waarop BW()	75408	340959387	63.8169
Frankrijk SPEC(deeleigen)	75254	341034641	63.8309
mens N(soort,ev,basis,zijd,stan)	75181	341109822	63.845
burgemeester N(soort,ev,basis,zijd,stan)	75047	341184869	63.8591
prijs N(soort,ev,basis,zijd,stan)	75040	341259909	63.8731
2004 TW(hoofd,vrij)	74979	341334888	63.8871
waarbij BW()	74887	341409775	63.9011
internationaal ADJ(prenom,basis,met-e,stan)	74841	341484616	63.9152
staat N(soort,ev,basis,zijd,stan)	74831	341559447	63.9292
nieuw N(soort,ev,basis,onz,stan)	74789	341634236	63.9432
zichzelf VNW(refl,pron,obl,nadr,3,getal)	74641	341708877	63.9571
oktober SPEC(deeleigen)	74613	341783490	63.9711
stellen WW(inf,vrij,zonder)	74366	341857856	63.985
15 TW(hoofd,vrij)	74360	341932216	63.9989
nationaal ADJ(prenom,basis,met-e,stan)	74294	342006510	64.0128
gelukkig ADJ(vrij,basis,zonder)	73829	342080339	64.0267
minuut N(soort,mv,basis)	73808	342154147	64.0405
mooi ADJ(vrij,basis,zonder)	73789	342227936	64.0543
ander ADJ(nom,basis,met-e,mv-n)	73631	342301567	64.0681
groot ADJ(vrij,basis,zonder)	73566	342375133	64.0818
waarvan BW()	73562	342448695	64.0956
zoon N(soort,ev,basis,zijd,stan)	73551	342522246	64.1094
basis N(soort,ev,basis,zijd,stan)	73535	342595781	64.1231
beginnen WW(pv,tgw,met-t)	73518	342669299	64.1369
meestal BW()	73489	342742788	64.1506
nadat VG(onder)	73075	342815863	64.1643
toekomst N(soort,ev,basis,zijd,stan)	73070	342888933	64.178
juist BW()	73034	342961967	64.1917
doen WW(pv,tgw,mv)	72781	343034748	64.2053
denken WW(pv,verl,ev)	72691	343107439	64.2189
u VNW(pr,pron,obl,vol,2,getal)	72614	343180053	64.2325
verordening N(soort,ev,basis,zijd,stan)	72562	343252615	64.2461
duits ADJ(prenom,basis,met-e,stan)	72327	343324942	64.2596
sterk ADJ(vrij,basis,zonder)	72311	343397253	64.2731
mooi ADJ(prenom,basis,met-e,stan)	71879	343469132	64.2866
denken WW(inf,vrij,zonder)	71837	343540969	64.3
spelen WW(pv,tgw,met-t)	71769	343612738	64.3135
juli SPEC(deeleigen)	71726	343684464	64.3269
> LET()	71437	343755901	64.3403
open ADJ(vrij,basis,zonder)	71247	343827148	64.3536
geven WW(pv,verl,ev)	70865	343898013	64.3669
kijken WW(pv,tgw,ev)	70855	343968868	64.3801
lopen WW(pv,tgw,met-t)	70758	344039626	64.3934
rest N(soort,ev,basis,zijd,stan)	70495	344110121	64.4066
stellen WW(pv,tgw,met-t)	70447	344180568	64.4198
to SPEC(vreemd)	70392	344250960	64.4329
2005 TW(hoofd,vrij)	70331	344321291	64.4461
les N(soort,ev,basis,zijd,stan)	70302	344391593	64.4593
huidig ADJ(prenom,basis,met-e,stan)	70174	344461767	64.4724
periode N(soort,ev,basis,zijd,stan)	70133	344531900	64.4855
daarvoor BW()	70014	344601914	64.4986
klaar ADJ(vrij,basis,zonder)	69703	344671617	64.5117
oorlog N(soort,ev,basis,zijd,stan)	69696	344741313	64.5247
daarbij BW()	69643	344810956	64.5377
boven VZ(init)	69556	344880512	64.5508
economisch ADJ(prenom,basis,met-e,stan)	69547	344950059	64.5638
hoog ADJ(prenom,basis,met-e,stan)	69487	345019546	64.5768
frank N(soort,ev,basis,zijd,stan)	69405	345088951	64.5898
ma N(soort,ev,basis,zijd,stan)	69327	345158278	64.6028
woord N(soort,ev,basis,onz,stan)	69313	345227591	64.6157
parlement N(soort,ev,basis,onz,stan)	69257	345296848	64.6287
weinig VNW(onbep,grad,stan,prenom,zonder,agr,basis)	69015	345365863	64.6416
+ SPEC(symb)	68410	345434273	64.6544
weekend N(soort,ev,basis,onz,stan)	68332	345502605	64.6672
volledig ADJ(vrij,basis,zonder)	68274	345570879	64.68
beginnen WW(pv,verl,ev)	68187	345639066	64.6927
club N(soort,ev,basis,zijd,stan)	68029	345707095	64.7055
extra ADJ(prenom,basis,zonder)	67998	345775093	64.7182
betekenen WW(pv,tgw,met-t)	67877	345842970	64.7309
programma N(soort,ev,basis,onz,stan)	67856	345910826	64.7436
Brugge SPEC(deeleigen)	67710	345978536	64.7563
maart SPEC(deeleigen)	67598	346046134	64.7689
reden N(soort,ev,basis,zijd,stan)	67478	346113612	64.7816
ander ADJ(prenom,basis,zonder)	67379	346180991	64.7942
belang N(soort,ev,basis,onz,stan)	67309	346248300	64.8068
lekker ADJ(vrij,basis,zonder)	67238	346315538	64.8194
vorm N(soort,ev,basis,zijd,stan)	67224	346382762	64.8319
december SPEC(deeleigen)	67190	346449952	64.8445
ruim ADJ(vrij,basis,zonder)	66801	346516753	64.857
april SPEC(deeleigen)	66780	346583533	64.8695
blijven WW(pv,verl,ev)	66713	346650246	64.882
grond N(soort,ev,basis,zijd,stan)	66546	346716792	64.8945
aandacht N(soort,ev,basis,zijd,stan)	66382	346783174	64.9069
terecht ADJ(vrij,basis,zonder)	66236	346849410	64.9193
1 TW(hoofd,prenom,stan)	66162	346915572	64.9317
Amsterdam SPEC(deeleigen)	65949	346981521	64.944
vroeg ADJ(vrij,basis,zonder)	65858	347047379	64.9563
nemen WW(vd,vrij,zonder)	65688	347113067	64.9686
woord N(soort,mv,basis)	65684	347178751	64.9809
Duitsland SPEC(deeleigen)	65645	347244396	64.9932
financieel ADJ(prenom,basis,met-e,stan)	65549	347309945	65.0055
blijken WW(pv,verl,ev)	65225	347375170	65.0177
eeuw N(soort,ev,basis,zijd,stan)	65170	347440340	65.0299
betalen WW(inf,vrij,zonder)	64747	347505087	65.042
partij N(soort,mv,basis)	64740	347569827	65.0541
nou BW()	64718	347634545	65.0662
speler N(soort,mv,basis)	64671	347699216	65.0783
rust N(soort,ev,basis,zijd,stan)	64566	347763782	65.0904
gebied N(soort,ev,basis,onz,stan)	64537	347828319	65.1025
zwaar ADJ(prenom,basis,met-e,stan)	64454	347892773	65.1146
18 TW(hoofd,vrij)	64326	347957099	65.1266
belangrijk ADJ(prenom,basis,met-e,stan)	64319	348021418	65.1386
vanavond BW()	64118	348085536	65.1506
politiek N(soort,ev,basis,zijd,stan)	64084	348149620	65.1626
plan N(soort,ev,basis,onz,stan)	64059	348213679	65.1746
14 TW(hoofd,vrij)	63939	348277618	65.1866
:D SPEC(symb)	63897	348341515	65.1986
and SPEC(vreemd)	63824	348405339	65.2105
premier N(soort,ev,basis,zijd,stan)	63711	348469050	65.2224
horen WW(inf,vrij,zonder)	63709	348532759	65.2343
bank N(soort,ev,basis,zijd,stan)	63698	348596457	65.2463
mogen WW(pv,verl,ev)	63395	348659852	65.2581
Peter SPEC(deeleigen)	63332	348723184	65.27
belangrijk ADJ(vrij,basis,zonder)	63290	348786474	65.2818
recht N(soort,ev,basis,onz,stan)	63207	348849681	65.2937
waardoor BW()	63190	348912871	65.3055
een TW(hoofd,nom,zonder-n,basis)	63014	348975885	65.3173
hoewel VG(onder)	62679	349038564	65.329
nemen WW(pv,verl,ev)	62669	349101233	65.3407
rekening N(soort,ev,basis,zijd,stan)	62587	349163820	65.3525
straks BW()	62482	349226302	65.3642
13 TW(hoofd,vrij)	62366	349288668	65.3758
feit N(soort,ev,basis,onz,stan)	62181	349350849	65.3875
vragen WW(inf,vrij,zonder)	61961	349412810	65.3991
november SPEC(deeleigen)	61900	349474710	65.4107
gevonden WW(vd,vrij,zonder)	61873	349536583	65.4222
soort N(soort,ev,basis,genus,stan)	61829	349598412	65.4338
situatie N(soort,ev,basis,zijd,stan)	61798	349660210	65.4454
dienst N(soort,ev,basis,zijd,stan)	61681	349721891	65.4569
gebeuren WW(pv,tgw,met-t)	61667	349783558	65.4685
3 TW(hoofd,prenom,stan)	61543	349845101	65.48
beginnen WW(inf,vrij,zonder)	61458	349906559	65.4915
eerder BW()	61348	349967907	65.503
start N(soort,ev,basis,zijd,stan)	61320	350029227	65.5144
hard ADJ(vrij,basis,zonder)	60733	350089960	65.5258
verkiezing N(soort,mv,basis)	60474	350150434	65.5371
intussen BW()	60427	350210861	65.5484
lid N(soort,mv,basis)	60324	350271185	65.5597
buiten VZ(init)	60282	350331467	65.571
waarschijnlijk ADJ(vrij,basis,zonder)	60269	350391736	65.5823
vol ADJ(vrij,basis,zonder)	60193	350451929	65.5936
moeten WW(pv,verl,mv)	60167	350512096	65.6048
nummer N(soort,ev,basis,onz,stan)	60106	350572202	65.6161
voorbij ADJ(prenom,basis,met-e,stan)	59981	350632183	65.6273
zetten WW(pv,tgw,ev)	59890	350692073	65.6385
le SPEC(vreemd)	59496	350751569	65.6496
wachten WW(inf,vrij,zonder)	59450	350811019	65.6608
publiek N(soort,ev,basis,onz,stan)	59441	350870460	65.6719
dochter N(soort,ev,basis,zijd,stan)	59406	350929866	65.683
Den SPEC(deeleigen)	59363	350989229	65.6941
houden WW(pv,tgw,ev)	59346	351048575	65.7052
16 TW(hoofd,vrij)	59325	351107900	65.7163
gelijk ADJ(vrij,basis,zonder)	59293	351167193	65.7274
komen WW(vd,vrij,zonder)	59251	351226444	65.7385
volgen WW(od,prenom,zonder)	59109	351285553	65.7496
britse ADJ(prenom,basis,met-e,stan)	58838	351344391	65.7606
nr. N(soort,ev,basis,onz,stan)	58725	351403116	65.7716
God SPEC(deeleigen)	58715	351461831	65.7826
vinden WW(pv,tgw,mv)	58686	351520517	65.7936
kort ADJ(vrij,basis,zonder)	58465	351578982	65.8045
liggen WW(inf,vrij,zonder)	58461	351637443	65.8154
meisje N(soort,ev,dim,onz,stan)	58440	351695883	65.8264
denken WW(pv,tgw,met-t)	58431	351754314	65.8373
vriend N(soort,mv,basis)	58384	351812698	65.8482
komen WW(od,prenom,met-e)	58357	351871055	65.8592
trainer N(soort,ev,basis,zijd,stan)	58341	351929396	65.8701
vlaams ADJ(prenom,basis,zonder)	58224	351987620	65.881
punt N(soort,ev,basis,onz,stan)	58160	352045780	65.8919
straat N(soort,ev,basis,zijd,stan)	57903	352103683	65.9027
-- LET()	57766	352161449	65.9135
gij VNW(pers,pron,nomin,vol,2,getal)	57748	352219197	65.9243
vrij BW()	57619	352276816	65.9351
krijgen WW(pv,verl,mv)	57617	352334433	65.9459
100 TW(hoofd,prenom,stan)	57601	352392034	65.9567
waarmee BW()	57377	352449411	65.9674
25 TW(hoofd,prenom,stan)	57323	352506734	65.9781
gemeenschap N(soort,ev,basis,zijd,stan)	57313	352564047	65.9889
gevoel N(soort,ev,basis,onz,stan)	57297	352621344	65.9996
daarvan BW()	57270	352678614	66.0103
avond N(soort,ev,basis,zijd,stan)	57257	352735871	66.021
slecht ADJ(vrij,basis,zonder)	57238	352793109	66.0317
lijst N(soort,ev,basis,zijd,stan)	57188	352850297	66.0425
20 TW(hoofd,vrij)	57187	352907484	66.0532
unie N(soort,ev,basis,zijd,stan)	57182	352964666	66.0639
vertellen WW(pv,tgw,met-t)	57028	353021694	66.0745
dollar N(soort,ev,basis,zijd,stan)	57006	353078700	66.0852
kort ADJ(prenom,basis,met-e,stan)	56975	353135675	66.0959
doel N(soort,ev,basis,onz,stan)	56918	353192593	66.1065
gevolg N(soort,ev,basis,onz,stan)	56851	353249444	66.1172
beeld N(soort,ev,basis,onz,stan)	56752	353306196	66.1278
koning N(soort,ev,basis,zijd,stan)	56740	353362936	66.1384
New SPEC(deeleigen)	56464	353419400	66.149
liever BW()	56444	353475844	66.1595
2003 TW(hoofd,vrij)	56411	353532255	66.1701
gaan WW(pv,verl,mv)	56378	353588633	66.1806
richting N(soort,ev,basis,zijd,stan)	56312	353644945	66.1912
17 TW(hoofd,vrij)	56238	353701183	66.2017
buurt N(soort,ev,basis,zijd,stan)	56195	353757378	66.2122
volgen WW(pv,tgw,met-t)	56193	353813571	66.2227
helpen WW(inf,vrij,zonder)	56182	353869753	66.2333
ruimte N(soort,ev,basis,zijd,stan)	56169	353925922	66.2438
steun N(soort,ev,basis,zijd,stan)	56127	353982049	66.2543
onderwijs N(soort,ev,basis,onz,stan)	56085	354038134	66.2648
daardoor BW()	56059	354094193	66.2753
antwoord N(soort,ev,basis,onz,stan)	56023	354150216	66.2858
winnen WW(pv,verl,ev)	55956	354206172	66.2962
hoog ADJ(vrij,basis,zonder)	55865	354262037	66.3067
een VNW(onbep,det,stan,prenom,met-e,evz)	55772	354317809	66.3171
krijgen WW(vd,vrij,zonder)	55726	354373535	66.3276
eten WW(inf,vrij,zonder)	55679	354429214	66.338
ondanks VZ(init)	55678	354484892	66.3484
VS SPEC(deeleigen)	55616	354540508	66.3588
wa SPEC(vreemd)	55545	354596053	66.3692
2000 TW(hoofd,vrij)	55529	354651582	66.3796
maatregel N(soort,mv,basis)	55400	354706982	66.39
5 TW(hoofd,prenom,stan)	55399	354762381	66.4003
à VZ(init)	55396	354817777	66.4107
weten WW(pv,tgw,mv)	55340	354873117	66.4211
augustus SPEC(deeleigen)	55234	354928351	66.4314
buiten VZ(fin)	55200	354983551	66.4417
vrijdag SPEC(deeleigen)	55081	355038632	66.452
lopen WW(pv,verl,ev)	55014	355093646	66.4623
vrij ADJ(prenom,basis,met-e,stan)	55007	355148653	66.4726
zwaar ADJ(vrij,basis,zonder)	54915	355203568	66.4829
niveau N(soort,ev,basis,onz,stan)	54839	355258407	66.4932
wellicht BW()	54826	355313233	66.5034
leren WW(inf,vrij,zonder)	54662	355367895	66.5137
nacht N(soort,ev,basis,zijd,stan)	54641	355422536	66.5239
geven WW(vd,vrij,zonder)	54612	355477148	66.5341
ronde N(soort,ev,basis,zijd,stan)	54583	355531731	66.5443
blij ADJ(vrij,basis,zonder)	54273	355586004	66.5545
finale N(soort,ev,basis,zijd,stan)	54189	355640193	66.5646
inwoner N(soort,mv,basis)	54156	355694349	66.5748
geschiedenis N(soort,ev,basis,zijd,stan)	54137	355748486	66.5849
strijd N(soort,ev,basis,zijd,stan)	54052	355802538	66.595
25 TW(hoofd,vrij)	53949	355856487	66.6051
2001 TW(hoofd,vrij)	53727	355910214	66.6152
opzetten WW(vd,vrij,zonder)	53655	355963869	66.6252
's LID(bep,gen,evmo)	53637	356017506	66.6353
19 TW(hoofd,vrij)	53584	356071090	66.6453
Paul SPEC(deeleigen)	53528	356124618	66.6553
alsof VG(onder)	53506	356178124	66.6653
konden WW(pv,verl,mv)	53440	356231564	66.6753
hé BW()	53437	356285001	66.6853
licht N(soort,ev,basis,onz,stan)	53216	356338217	66.6953
verschil N(soort,ev,basis,onz,stan)	53168	356391385	66.7052
22 TW(hoofd,vrij)	53100	356444485	66.7152
;-) SPEC(symb)	53098	356497583	66.7251
top N(soort,ev,basis,zijd,stan)	53079	356550662	66.735
voetbal N(soort,ev,basis,onz,stan)	53071	356603733	66.745
internet N(soort,ev,basis,onz,stan)	52891	356656624	66.7549
voorlopig ADJ(vrij,basis,zonder)	52846	356709470	66.7648
februari SPEC(deeleigen)	52737	356762207	66.7746
blijven WW(pv,tgw,mv)	52666	356814873	66.7845
brengen WW(vd,vrij,zonder)	52656	356867529	66.7944
eerst TW(rang,nom,zonder-n)	52616	356920145	66.8042
SPAM SPEC(deeleigen)	52610	356972755	66.814
zoveel TW(hoofd,prenom,stan)	52607	357025362	66.8239
actie N(soort,ev,basis,zijd,stan)	52509	357077871	66.8337
directeur N(soort,ev,basis,zijd,stan)	52386	357130257	66.8435
tegenover VZ(init)	52336	357182593	66.8533
lopen WW(inf,vrij,zonder)	52327	357234920	66.8631
2002 TW(hoofd,vrij)	52314	357287234	66.8729
CD&V SPEC(deeleigen)	52255	357339489	66.8827
vragen WW(pv,tgw,met-t)	52254	357391743	66.8925
brengen WW(pv,tgw,met-t)	52252	357443995	66.9022
economie N(soort,ev,basis,zijd,stan)	52132	357496127	66.912
of SPEC(vreemd)	52122	357548249	66.9218
blijkbaar ADJ(vrij,basis,zonder)	52120	357600369	66.9315
spelen WW(pv,verl,ev)	52062	357652431	66.9413
winst N(soort,ev,basis,zijd,stan)	52058	357704489	66.951
30 TW(hoofd,prenom,stan)	52019	357756508	66.9607
deze VNW(aanw,det,stan,nom,met-e,zonder-n)	52018	357808526	66.9705
rood ADJ(prenom,basis,met-e,stan)	51971	357860497	66.9802
vragen WW(pv,verl,ev)	51970	357912467	66.9899
project N(soort,ev,basis,onz,stan)	51969	357964436	66.9997
krijgen WW(pv,tgw,ev)	51966	358016402	67.0094
momenteel ADJ(vrij,basis,zonder)	51923	358068325	67.0191
vallen WW(pv,verl,ev)	51906	358120231	67.0288
wet N(soort,ev,basis,zijd,stan)	51791	358172022	67.0385
organisatie N(soort,ev,basis,zijd,stan)	51729	358223751	67.0482
kennen WW(pv,tgw,ev)	51670	358275421	67.0579
centrum N(soort,ev,basis,onz,stan)	51586	358327007	67.0675
zijn VNW(bez,det,stan,red,3,ev,prenom,zonder,agr)	51473	358378480	67.0772
systeem N(soort,ev,basis,onz,stan)	51405	358429885	67.0868
werknemer N(soort,mv,basis)	51315	358481200	67.0964
belangrijk ADJ(prenom,sup,met-e,stan)	51183	358532383	67.106
uiteraard BW()	51174	358583557	67.1155
blz. N(soort,mv,basis)	51173	358634730	67.1251
kennen WW(pv,tgw,met-t)	51143	358685873	67.1347
Verenigde SPEC(deeleigen)	51142	358737015	67.1443
minder VNW(onbep,grad,stan,prenom,zonder,agr,comp)	51090	358788105	67.1538
jongen N(soort,mv,basis)	51079	358839184	67.1634
winnen WW(inf,vrij,zonder)	51046	358890230	67.1729
buitenlands ADJ(prenom,basis,met-e,stan)	51036	358941266	67.1825
geven WW(pv,tgw,ev)	50949	358992215	67.192
jong N(soort,ev,basis,zijd,stan)	50932	359043147	67.2016
betreffen WW(pv,tgw,met-t)	50865	359094012	67.2111
orde N(soort,ev,basis,zijd,stan)	50849	359144861	67.2206
kost N(soort,mv,basis)	50694	359195555	67.2301
gebruiken WW(inf,vrij,zonder)	50618	359246173	67.2396
das N(soort,ev,basis,zijd,stan)	50600	359296773	67.249
kilometer N(soort,ev,basis,zijd,stan)	50588	359347361	67.2585
volk N(soort,ev,basis,onz,stan)	50577	359397938	67.268
23 TW(hoofd,vrij)	50453	359448391	67.2774
erop BW()	50356	359498747	67.2868
VLD SPEC(deeleigen)	50325	359549072	67.2963
vallen WW(inf,vrij,zonder)	50280	359599352	67.3057
heen VZ(fin)	50267	359649619	67.3151
Tom SPEC(deeleigen)	50249	359699868	67.3245
wegens VZ(init)	50229	359750097	67.3339
normaal ADJ(vrij,basis,zonder)	50071	359800168	67.3433
houden WW(vd,vrij,zonder)	50064	359850232	67.3526
tegen VZ(fin)	50026	359900258	67.362
cijfer N(soort,mv,basis)	49960	359950218	67.3713
vraag N(soort,mv,basis)	49919	360000137	67.3807
ander ADJ(postnom,basis,met-s)	49908	360050045	67.39
info N(soort,ev,basis,zijd,stan)	49879	360099924	67.3994
bevolking N(soort,ev,basis,zijd,stan)	49878	360149802	67.4087
praten WW(inf,vrij,zonder)	49830	360199632	67.418
27 TW(hoofd,vrij)	49810	360249442	67.4273
deur N(soort,ev,basis,zijd,stan)	49807	360299249	67.4367
na VZ(fin)	49786	360349035	67.446
50 TW(hoofd,prenom,stan)	49586	360398621	67.4553
overigens BW()	49527	360448148	67.4645
beleid N(soort,ev,basis,onz,stan)	49511	360497659	67.4738
Marc SPEC(deeleigen)	49424	360547083	67.483
én VG(neven)	49357	360596440	67.4923
zorgen WW(inf,vrij,zonder)	49321	360645761	67.5015
oog N(soort,ev,basis,onz,stan)	49287	360695048	67.5107
21 TW(hoofd,vrij)	49263	360744311	67.52
vriend N(soort,ev,basis,zijd,stan)	49168	360793479	67.5292
namelijk BW()	49106	360842585	67.5384
zoeken WW(inf,vrij,zonder)	49053	360891638	67.5475
hulp N(soort,ev,basis,zijd,stan)	48778	360940416	67.5567
europees ADJ(prenom,basis,zonder)	48737	360989153	67.5658
liefde N(soort,ev,basis,zijd,stan)	48561	361037714	67.5749
hoogte N(soort,ev,basis,zijd,stan)	48475	361086189	67.584
oplossing N(soort,ev,basis,zijd,stan)	48422	361134611	67.593
FC SPEC(deeleigen)	48273	361182884	67.6021
samenwerking N(soort,ev,basis,zijd,stan)	48224	361231108	67.6111
klant N(soort,mv,basis)	48217	361279325	67.6201
26 TW(hoofd,vrij)	48207	361327532	67.6291
volgen WW(inf,vrij,zonder)	48185	361375717	67.6381
Bart SPEC(deeleigen)	48164	361423881	67.6472
graad N(soort,mv,basis)	48151	361472032	67.6562
The SPEC(deeleigen)	48137	361520169	67.6652
lezen WW(inf,vrij,zonder)	48117	361568286	67.6742
product N(soort,mv,basis)	48025	361616311	67.6832
macht N(soort,ev,basis,zijd,stan)	47991	361664302	67.6922
keuze N(soort,ev,basis,zijd,stan)	47914	361712216	67.7011
hopen WW(pv,tgw,ev)	47897	361760113	67.7101
ondertussen BW()	47881	361807994	67.7191
hart N(soort,ev,basis,onz,stan)	47850	361855844	67.728
richtlijn N(soort,ev,basis,zijd,stan)	47580	361903424	67.7369
30 TW(hoofd,vrij)	47549	361950973	67.7458
noemen WW(vd,vrij,zonder)	47482	361998455	67.7547
nauwelijks BW()	47424	362045879	67.7636
klein ADJ(prenom,basis,zonder)	47307	362093186	67.7724
zomer N(soort,ev,basis,zijd,stan)	47296	362140482	67.7813
15 TW(hoofd,prenom,stan)	47146	362187628	67.7901
waarde N(soort,ev,basis,zijd,stan)	46962	362234590	67.7989
taal N(soort,ev,basis,zijd,stan)	46911	362281501	67.8077
controle N(soort,ev,basis,zijd,stan)	46890	362328391	67.8165
bepaald ADJ(prenom,basis,met-e,stan)	46884	362375275	67.8252
provincie N(soort,ev,basis,zijd,stan)	46855	362422130	67.834
2006 TW(hoofd,vrij)	46853	362468983	67.8428
eindelijk ADJ(vrij,basis,zonder)	46844	362515827	67.8515
foto N(soort,mv,basis)	46837	362562664	67.8603
overal VNW(onbep,adv-pron,obl,vol,3o,getal)	46750	362609414	67.8691
regio N(soort,ev,basis,zijd,stan)	46713	362656127	67.8778
media N(soort,mv,basis)	46675	362702802	67.8865
Irak SPEC(deeleigen)	46646	362749448	67.8953
maken WW(pv,tgw,mv)	46568	362796016	67.904
maandag SPEC(deeleigen)	46545	362842561	67.9127
:-) SPEC(symb)	46492	362889053	67.9214
leggen WW(inf,vrij,zonder)	46446	362935499	67.9301
lokaal ADJ(prenom,basis,met-e,stan)	46414	362981913	67.9388
inmiddels BW()	46278	363028191	67.9474
danken WW(pv,tgw,ev)	46226	363074417	67.9561
Leuven SPEC(deeleigen)	46177	363120594	67.9647
reeks N(soort,ev,basis,zijd,stan)	46159	363166753	67.9734
beginnen WW(vd,vrij,zonder)	46120	363212873	67.982
tekst N(soort,ev,basis,zijd,stan)	46065	363258938	67.9906
houden WW(pv,verl,ev)	45928	363304866	67.9992
kopen WW(inf,vrij,zonder)	45926	363350792	68.0078
ziekenhuis N(soort,ev,basis,onz,stan)	45911	363396703	68.0164
sterk ADJ(prenom,basis,met-e,stan)	45767	363442470	68.025
geboren ADJ(vrij,basis,zonder)	45740	363488210	68.0335
slag N(soort,ev,basis,zijd,stan)	45722	363533932	68.0421
resultaat N(soort,ev,basis,onz,stan)	45708	363579640	68.0506
rechter N(soort,ev,basis,zijd,stan)	45678	363625318	68.0592
contact N(soort,ev,basis,onz,stan)	45675	363670993	68.0677
oud ADJ(vrij,basis,zonder)	45637	363716630	68.0763
for SPEC(vreemd)	45627	363762257	68.0848
trekken WW(inf,vrij,zonder)	45613	363807870	68.0934
sport N(soort,ev,basis,zijd,stan)	45610	363853480	68.1019
vroeg ADJ(vrij,comp,zonder)	45606	363899086	68.1104
krant N(soort,ev,basis,zijd,stan)	45508	363944594	68.119
:o SPEC(symb)	45495	363990089	68.1275
ieder VNW(onbep,det,stan,prenom,zonder,evon)	45458	364035547	68.136
kerk N(soort,ev,basis,zijd,stan)	45438	364080985	68.1445
voorbij ADJ(vrij,basis,zonder)	45424	364126409	68.153
gebeuren WW(inf,vrij,zonder)	45330	364171739	68.1615
plaats N(soort,mv,basis)	45273	364217012	68.1699
mening N(soort,ev,basis,zijd,stan)	45206	364262218	68.1784
voorbeeld N(soort,ev,basis,onz,stan)	45198	364307416	68.1869
Frank SPEC(deeleigen)	45119	364352535	68.1953
wagen N(soort,ev,basis,zijd,stan)	45098	364397633	68.2038
laten WW(pv,tgw,mv)	45021	364442654	68.2122
proberen WW(inf,vrij,zonder)	44936	364487590	68.2206
zeven TW(hoofd,prenom,stan)	44860	364532450	68.229
4 TW(hoofd,prenom,stan)	44850	364577300	68.2374
kennis N(soort,ev,basis,zijd,stan)	44775	364622075	68.2458
verwachten WW(vd,vrij,zonder)	44699	364666774	68.2541
willen WW(pv,tgw,met-t)	44688	364711462	68.2625
Luc SPEC(deeleigen)	44647	364756109	68.2708
nogal BW()	44626	364800735	68.2792
voorstel N(soort,ev,basis,onz,stan)	44613	364845348	68.2875
ergens VNW(onbep,adv-pron,obl,vol,3o,getal)	44600	364889948	68.2959
gratis ADJ(vrij,basis,zonder)	44521	364934469	68.3042
dankzij VZ(init)	44426	364978895	68.3125
termijn N(soort,ev,basis,zijd,stan)	44418	365023313	68.3209
resultaat N(soort,mv,basis)	44415	365067728	68.3292
a N(soort,ev,basis,zijd,stan)	44359	365112087	68.3375
zien WW(pv,tgw,mv)	44235	365156322	68.3458
ervaring N(soort,ev,basis,zijd,stan)	44117	365200439	68.354
der SPEC(deeleigen)	44088	365244527	68.3623
indien VG(onder)	44069	365288596	68.3705
Staten SPEC(deeleigen)	44069	365332665	68.3788
spreken WW(inf,vrij,zonder)	44053	365376718	68.387
leeftijd N(soort,ev,basis,zijd,stan)	44000	365420718	68.3952
bezoek N(soort,ev,basis,onz,stan)	43975	365464693	68.4035
meisje N(soort,mv,dim)	43858	365508551	68.4117
des LID(bep,gen,evmo)	43819	365552370	68.4199
zoveel TW(hoofd,vrij)	43808	365596178	68.4281
wijze N(soort,ev,basis,zijd,stan)	43614	365639792	68.4362
bestuur N(soort,ev,basis,onz,stan)	43568	365683360	68.4444
vervolgens BW()	43560	365726920	68.4526
geweld N(soort,ev,basis,onz,stan)	43538	365770458	68.4607
half ADJ(prenom,basis,zonder)	43533	365813991	68.4688
28 TW(hoofd,vrij)	43511	365857502	68.477
laat ADJ(vrij,basis,zonder)	43503	365901005	68.4851
jou VNW(bez,det,stan,vol,2v,ev,prenom,zonder,agr)	43494	365944499	68.4933
maken WW(pv,tgw,ev)	43359	365987858	68.5014
nemen WW(pv,tgw,ev)	43255	366031113	68.5095
verliezen WW(vd,vrij,zonder)	43192	366074305	68.5176
de LID(bep,dial)	43144	366117449	68.5256
dicht ADJ(vrij,basis,zonder)	43141	366160590	68.5337
David SPEC(deeleigen)	42928	366203518	68.5418
heer N(soort,ev,basis,zijd,stan)	42926	366246444	68.5498
worden WW(pv,tgw,ev)	42920	366289364	68.5578
vragen WW(vd,vrij,zonder)	42897	366332261	68.5659
stellen WW(vd,vrij,zonder)	42872	366375133	68.5739
woning N(soort,ev,basis,zijd,stan)	42861	366417994	68.5819
liggen WW(pv,verl,ev)	42831	366460825	68.5899
kop N(soort,ev,basis,zijd,stan)	42819	366503644	68.5979
kosten WW(pv,tgw,ev)	42660	366546304	68.6059
gelden WW(pv,tgw,met-t)	42631	366588935	68.6139
ervoor BW()	42566	366631501	68.6219
telkens BW()	42500	366674001	68.6298
24 TW(hoofd,vrij)	42494	366716495	68.6378
vrij ADJ(vrij,basis,zonder)	42451	366758946	68.6457
twintig TW(hoofd,prenom,stan)	42406	366801352	68.6537
ok BW()	42391	366843743	68.6616
kamer N(soort,ev,basis,zijd,stan)	42378	366886121	68.6695
bijzonder ADJ(vrij,basis,zonder)	42336	366928457	68.6774
totaal ADJ(vrij,basis,zonder)	42287	366970744	68.6854
persoon N(soort,ev,basis,zijd,stan)	42271	367013015	68.6933
dier N(soort,mv,basis)	42247	367055262	68.7012
hey SPEC(vreemd)	42227	367097489	68.7091
zwart ADJ(prenom,basis,met-e,stan)	42197	367139686	68.717
beroep N(soort,ev,basis,onz,stan)	42168	367181854	68.7249
eerder ADJ(vrij,comp,zonder)	42156	367224010	68.7328
ontwikkeling N(soort,ev,basis,zijd,stan)	42062	367266072	68.7406
vier TW(rang,prenom,stan)	42056	367308128	68.7485
kracht N(soort,ev,basis,zijd,stan)	41929	367350057	68.7564
stand N(soort,ev,basis,zijd,stan)	41825	367391882	68.7642
crisis N(soort,ev,basis,zijd,stan)	41808	367433690	68.772
on SPEC(vreemd)	41801	367475491	68.7798
ieder VNW(onbep,det,stan,prenom,met-e,evz)	41774	367517265	68.7876
gezicht N(soort,ev,basis,onz,stan)	41741	367559006	68.7955
meerderheid N(soort,ev,basis,zijd,stan)	41727	367600733	68.8033
cultuur N(soort,ev,basis,zijd,stan)	41721	367642454	68.8111
team N(soort,ev,basis,onz,stan)	41651	367684105	68.8189
leerling N(soort,mv,basis)	41628	367725733	68.8267
verleden N(soort,ev,basis,onz,stan)	41553	367767286	68.8344
bedoeling N(soort,ev,basis,zijd,stan)	41552	367808838	68.8422
klinken WW(pv,tgw,met-t)	41490	367850328	68.85
bed N(soort,ev,basis,onz,stan)	41480	367891808	68.8578
k WW(pv,tgw,ev)	41471	367933279	68.8655
trekken WW(pv,tgw,met-t)	41443	367974722	68.8733
acht TW(hoofd,prenom,stan)	41347	368016069	68.881
you SPEC(vreemd)	41340	368057409	68.8887
behalve VG(onder)	41316	368098725	68.8965
kritiek N(soort,ev,basis,zijd,stan)	41306	368140031	68.9042
brand N(soort,ev,basis,zijd,stan)	41270	368181301	68.9119
boek N(soort,mv,basis)	41255	368222556	68.9197
Club SPEC(deeleigen)	41253	368263809	68.9274
bang ADJ(vrij,basis,zonder)	41214	368305023	68.9351
lidstaat N(soort,mv,basis)	41212	368346235	68.9428
halen WW(pv,verl,ev)	41212	368387447	68.9505
relatie N(soort,ev,basis,zijd,stan)	41184	368428631	68.9582
gewinnen WW(vd,vrij,zonder)	41177	368469808	68.9659
aandeel N(soort,ev,basis,onz,stan)	41157	368510965	68.9736
slecht ADJ(prenom,basis,met-e,stan)	41131	368552096	68.9813
half ADJ(prenom,basis,met-e,stan)	41086	368593182	68.989
brengen WW(pv,verl,ev)	41085	368634267	68.9967
leger N(soort,ev,basis,onz,stan)	41020	368675287	69.0044
zon N(soort,ev,basis,zijd,stan)	41007	368716294	69.0121
bezoeker N(soort,mv,basis)	40982	368757276	69.0197
druk ADJ(vrij,basis,zonder)	40955	368798231	69.0274
schrijven WW(inf,vrij,zonder)	40930	368839161	69.0351
leggen WW(pv,tgw,met-t)	40918	368880079	69.0427
waar ADJ(vrij,basis,zonder)	40896	368920975	69.0504
jammer ADJ(vrij,basis,zonder)	40838	368961813	69.058
goed ADJ(prenom,comp,met-e,stan)	40831	369002644	69.0657
Nederlands SPEC(deeleigen)	40801	369043445	69.0733
aandeel N(soort,mv,basis)	40761	369084206	69.0809
China SPEC(deeleigen)	40670	369124876	69.0885
oh TSW()	40667	369165543	69.0962
Johan SPEC(deeleigen)	40657	369206200	69.1038
kennen WW(inf,vrij,zonder)	40653	369246853	69.1114
hoop N(soort,ev,basis,zijd,stan)	40346	369287199	69.1189
geloven WW(pv,tgw,ev)	40309	369327508	69.1265
beslissing N(soort,ev,basis,zijd,stan)	40277	369367785	69.134
29 TW(hoofd,vrij)	40248	369408033	69.1415
tevreden ADJ(vrij,basis,zonder)	40217	369448250	69.1491
lief BW()	40204	369488454	69.1566
vertrouwen N(soort,ev,basis,onz,stan)	40199	369528653	69.1641
gaan WW(vd,vrij,zonder)	40190	369568843	69.1716
rijden WW(inf,vrij,zonder)	40161	369609004	69.1792
gang N(soort,ev,basis,zijd,stan)	40158	369649162	69.1867
om VZ(fin)	40086	369689248	69.1942
persoon N(soort,mv,basis)	40071	369729319	69.2017
lijken WW(pv,verl,ev)	40071	369769390	69.2092
doelpunt N(soort,mv,basis)	40031	369809421	69.2167
rug N(soort,ev,basis,zijd,stan)	40030	369849451	69.2242
druk N(soort,ev,basis,zijd,stan)	40014	369889465	69.2316
Frans SPEC(deeleigen)	39955	369929420	69.2391
moeite N(soort,ev,basis,zijd,stan)	39948	369969368	69.2466
plan N(soort,mv,basis)	39903	370009271	69.2541
zoek N(soort,ev,basis,onz,stan)	39836	370049107	69.2615
leider N(soort,ev,basis,zijd,stan)	39813	370088920	69.269
daarnaast BW()	39803	370128723	69.2764
zee N(soort,ev,basis,zijd,stan)	39796	370168519	69.2839
website N(soort,ev,basis,zijd,stan)	39794	370208313	69.2913
I SPEC(vreemd)	39708	370248021	69.2988
lucht N(soort,ev,basis,zijd,stan)	39701	370287722	69.3062
gevolg N(soort,mv,basis)	39668	370327390	69.3136
naam N(soort,mv,basis)	39660	370367050	69.321
omgeving N(soort,ev,basis,zijd,stan)	39656	370406706	69.3285
daarin BW()	39604	370446310	69.3359
Oostende SPEC(deeleigen)	39562	370485872	69.3433
schrijven WW(pv,verl,ev)	39532	370525404	69.3507
du SPEC(vreemd)	39530	370564934	69.3581
opdracht N(soort,ev,basis,zijd,stan)	39520	370604454	69.3655
woensdag SPEC(deeleigen)	39453	370643907	69.3729
t SPEC(afk)	39390	370683297	69.3802
enkel VNW(onbep,det,stan,prenom,zonder,evon)	39365	370722662	69.3876
tv N(soort,ev,basis,zijd,stan)	39339	370762001	69.395
Israël SPEC(deeleigen)	39334	370801335	69.4023
beuren WW(vd,vrij,zonder)	39299	370840634	69.4097
lichaam N(soort,ev,basis,onz,stan)	39258	370879892	69.417
La SPEC(deeleigen)	39240	370919132	69.4244
direct ADJ(vrij,basis,zonder)	39212	370958344	69.4317
twee TW(hoofd,vrij)	39199	370997543	69.439
John SPEC(deeleigen)	39190	371036733	69.4464
stap N(soort,ev,basis,zijd,stan)	39117	371075850	69.4537
heten WW(pv,tgw,ev)	39063	371114913	69.461
hetzelfde ADJ(prenom,basis,zonder)	39043	371153956	69.4683
Parijs SPEC(deeleigen)	38991	371192947	69.4756
gegeven N(soort,mv,basis)	38971	371231918	69.4829
de SPEC(vreemd)	38763	371270681	69.4902
actief ADJ(vrij,basis,zonder)	38758	371309439	69.4974
zoiets VNW(onbep,pron,stan,vol,3o,ev)	38719	371348158	69.5047
hoeven WW(pv,tgw,met-t)	38628	371386786	69.5119
31 TW(hoofd,vrij)	38614	371425400	69.5191
minstens BW()	38604	371464004	69.5264
!! LET()	38561	371502565	69.5336
horen WW(pv,tgw,met-t)	38550	371541115	69.5408
alvast BW()	38521	371579636	69.548
kaart N(soort,ev,basis,zijd,stan)	38477	371618113	69.5552
hoog ADJ(vrij,comp,zonder)	38470	371656583	69.5624
kunst N(soort,ev,basis,zijd,stan)	38415	371694998	69.5696
tafel N(soort,ev,basis,zijd,stan)	38396	371733394	69.5768
stellen WW(pv,verl,ev)	38361	371771755	69.584
dergelijk ADJ(prenom,basis,met-e,stan)	38269	371810024	69.5911
2007 TW(hoofd,vrij)	38177	371848201	69.5983
slachtoffer N(soort,ev,basis,onz,stan)	38139	371886340	69.6054
kwaliteit N(soort,ev,basis,zijd,stan)	38068	371924408	69.6125
groei N(soort,ev,basis,zijd,stan)	38060	371962468	69.6196
gewoon ADJ(prenom,basis,met-e,stan)	38033	372000501	69.6268
personeel N(soort,ev,basis,onz,stan)	38014	372038515	69.6339
x SPEC(symb)	37972	372076487	69.641
stem N(soort,ev,basis,zijd,stan)	37938	372114425	69.6481
spraak N(soort,ev,basis,zijd,stan)	37911	372152336	69.6552
kies WW(inf,vrij,zonder)	37906	372190242	69.6623
gebouw N(soort,ev,basis,onz,stan)	37864	372228106	69.6694
b N(soort,ev,basis,zijd,stan)	37739	372265845	69.6764
ander ADJ(nom,basis,zonder,zonder-n)	37684	372303529	69.6835
regel N(soort,mv,basis)	37658	372341187	69.6905
raken WW(pv,verl,ev)	37598	372378785	69.6976
Radio SPEC(deeleigen)	37561	372416346	69.7046
haha N(soort,ev,basis,zijd,stan)	37553	372453899	69.7116
leiden WW(inf,vrij,zonder)	37547	372491446	69.7187
't LID(bep,stan,evon)	37506	372528952	69.7257
onlangs BW()	37505	372566457	69.7327
juist ADJ(prenom,basis,met-e,stan)	37491	372603948	69.7397
naam N(soort,ev,basis,dat)	37445	372641393	69.7467
gesprek N(soort,ev,basis,onz,stan)	37384	372678777	69.7537
prijs N(soort,mv,basis)	37381	372716158	69.7607
discussie N(soort,ev,basis,zijd,stan)	37326	372753484	69.7677
verkeer N(soort,ev,basis,onz,stan)	37306	372790790	69.7747
last N(soort,ev,basis,zijd,stan)	37299	372828089	69.7817
spel N(soort,ev,basis,onz,stan)	37219	372865308	69.7886
vertellen WW(inf,vrij,zonder)	37161	372902469	69.7956
advies N(soort,ev,basis,onz,stan)	37136	372939605	69.8025
indruk N(soort,ev,basis,zijd,stan)	37130	372976735	69.8095
voelen WW(pv,tgw,ev)	37129	373013864	69.8164
school N(soort,mv,basis)	37122	373050986	69.8234
donderdag SPEC(deeleigen)	37088	373088074	69.8303
radio N(soort,ev,basis,zijd,stan)	36969	373125043	69.8372
gemeente N(soort,mv,basis)	36969	373162012	69.8442
km N(soort,ev,basis,zijd,stan)	36905	373198917	69.8511
wachten WW(pv,tgw,ev)	36861	373235778	69.858
lijn N(soort,ev,basis,zijd,stan)	36808	373272586	69.8649
aanwezig ADJ(vrij,basis,zonder)	36801	373309387	69.8718
bieden WW(pv,tgw,met-t)	36709	373346096	69.8786
stem N(soort,mv,basis)	36655	373382751	69.8855
groot ADJ(vrij,comp,zonder)	36639	373419390	69.8923
Patrick SPEC(deeleigen)	36612	373456002	69.8992
spreken WW(pv,tgw,met-t)	36594	373492596	69.906
kader N(soort,ev,basis,onz,stan)	36549	373529145	69.9129
kans N(soort,mv,basis)	36545	373565690	69.9197
politicus N(soort,mv,basis)	36486	373602176	69.9266
slachtoffer N(soort,mv,basis)	36443	373638619	69.9334
contract N(soort,ev,basis,onz,stan)	36394	373675013	69.9402
sector N(soort,ev,basis,zijd,stan)	36380	373711393	69.947
brussels ADJ(prenom,basis,met-e,stan)	36373	373747766	69.9538
Mechelen SPEC(deeleigen)	36321	373784087	69.9606
tegenwoordig ADJ(vrij,basis,zonder)	36257	373820344	69.9674
verband N(soort,ev,basis,onz,stan)	36219	373856563	69.9742
6 TW(hoofd,prenom,stan)	36195	373892758	69.9809
verslag N(soort,ev,basis,onz,stan)	36176	373928934	69.9877
neer BW()	36141	373965075	69.9945
akkoord N(soort,ev,basis,onz,stan)	36064	374001139	70.0012
wedstrijd N(soort,mv,basis)	36059	374037198	70.008
den SPEC(deeleigen)	36014	374073212	70.0147
invloed N(soort,ev,basis,zijd,stan)	35977	374109189	70.0214
proces N(soort,ev,basis,onz,stan)	35961	374145150	70.0282
spelen WW(vd,vrij,zonder)	35949	374181099	70.0349
debat N(soort,ev,basis,onz,stan)	35941	374217040	70.0416
activiteit N(soort,mv,basis)	35941	374252981	70.0484
40 TW(hoofd,prenom,stan)	35892	374288873	70.0551
rechtbank N(soort,ev,basis,zijd,stan)	35891	374324764	70.0618
italiaans ADJ(prenom,basis,met-e,stan)	35888	374360652	70.0685
weer N(soort,ev,basis,onz,stan)	35859	374396511	70.0752
rustig ADJ(vrij,basis,zonder)	35717	374432228	70.0819
Anderlecht SPEC(deeleigen)	35716	374467944	70.0886
reactie N(soort,ev,basis,zijd,stan)	35626	374503570	70.0953
Italië SPEC(deeleigen)	35594	374539164	70.1019
e SPEC(symb)	35590	374574754	70.1086
productie N(soort,ev,basis,zijd,stan)	35577	374610331	70.1152
York SPEC(deeleigen)	35519	374645850	70.1219
horen WW(vd,vrij,zonder)	35508	374681358	70.1285
middel N(soort,mv,basis)	35399	374716757	70.1352
Amerika SPEC(deeleigen)	35394	374752151	70.1418
tellen WW(pv,tgw,met-t)	35388	374787539	70.1484
openbaar ADJ(prenom,basis,met-e,stan)	35354	374822893	70.155
s N(soort,ev,basis,zijd,stan)	35348	374858241	70.1616
l N(soort,ev,basis,zijd,stan)	35339	374893580	70.1683
jong ADJ(prenom,sup,met-e,stan)	35304	374928884	70.1749
helaas BW()	35298	374964182	70.1815
verkopen WW(vd,vrij,zonder)	35285	374999467	70.1881
bekend ADJ(prenom,basis,met-e,stan)	35202	375034669	70.1947
schrijven WW(vd,vrij,zonder)	35179	375069848	70.2013
zetten WW(pv,verl,ev)	35178	375105026	70.2078
dinsdag SPEC(deeleigen)	35153	375140179	70.2144
federaal ADJ(prenom,basis,met-e,stan)	35132	375175311	70.221
bal N(soort,ev,basis,zijd,stan)	35095	375210406	70.2276
wonen WW(inf,vrij,zonder)	35056	375245462	70.2341
kabinet N(soort,ev,basis,onz,stan)	35056	375280518	70.2407
amper BW()	35054	375315572	70.2472
geval N(soort,mv,basis)	35050	375350622	70.2538
Spanje SPEC(deeleigen)	34981	375385603	70.2604
staan WW(pv,verl,mv)	34972	375420575	70.2669
gebeuren WW(pv,verl,ev)	34970	375455545	70.2734
veld N(soort,ev,basis,onz,stan)	34906	375490451	70.28
opnemen WW(vd,vrij,zonder)	34897	375525348	70.2865
leiding N(soort,ev,basis,zijd,stan)	34869	375560217	70.293
pb N(soort,ev,basis,onz,stan)	34823	375595040	70.2996
m SPEC(symb)	34814	375629854	70.3061
wilde WW(pv,verl,mv)	34738	375664592	70.3126
vakantie N(soort,ev,basis,zijd,stan)	34713	375699305	70.3191
feit N(soort,mv,basis)	34704	375734009	70.3256
wit ADJ(prenom,basis,met-e,stan)	34695	375768704	70.3321
site N(soort,ev,basis,zijd,stan)	34672	375803376	70.3385
mogelijk ADJ(prenom,basis,met-e,stan)	34633	375838009	70.345
voelen WW(pv,tgw,met-t)	34612	375872621	70.3515
inzake VZ(init)	34568	375907189	70.358
brief N(soort,ev,basis,zijd,stan)	34510	375941699	70.3644
welk VNW(vb,det,stan,prenom,zonder,evon)	34473	375976172	70.3709
Dirk SPEC(deeleigen)	34455	376010627	70.3773
pijn N(soort,ev,basis,zijd,stan)	34451	376045078	70.3838
gevaar N(soort,ev,basis,onz,stan)	34428	376079506	70.3902
hoog ADJ(prenom,sup,met-e,stan)	34417	376113923	70.3967
ander ADJ(nom,basis,met-e,zonder-n,stan)	34416	376148339	70.4031
broer N(soort,ev,basis,zijd,stan)	34399	376182738	70.4096
speciaal ADJ(prenom,basis,met-e,stan)	34393	376217131	70.416
veiligheid N(soort,ev,basis,zijd,stan)	34392	376251523	70.4224
kwijt ADJ(vrij,basis,zonder)	34364	376285887	70.4289
voorkomen WW(inf,vrij,zonder)	34338	376320225	70.4353
links ADJ(vrij,basis,zonder)	34338	376354563	70.4417
kwestie N(soort,ev,basis,zijd,stan)	34337	376388900	70.4481
verkoop N(soort,ev,basis,zijd,stan)	34328	376423228	70.4546
gezin N(soort,ev,basis,onz,stan)	34320	376457548	70.461
vanwege VZ(init)	34303	376491851	70.4674
daarop BW()	34248	376526099	70.4738
collega N(soort,mv,basis)	34214	376560313	70.4802
moord N(soort,ev,basis,zijd,stan)	34174	376594487	70.4866
dak N(soort,ev,basis,onz,stan)	34164	376628651	70.493
ministerie N(soort,ev,basis,onz,stan)	34150	376662801	70.4994
buitenland N(soort,ev,basis,onz,stan)	34099	376696900	70.5058
00 SPEC(symb)	34096	376730996	70.5122
hangen WW(pv,tgw,met-t)	34070	376765066	70.5185
vriendin N(soort,ev,basis,zijd,stan)	34009	376799075	70.5249
plus BW()	33997	376833072	70.5313
binnenkort BW()	33972	376867044	70.5376
voeren WW(inf,vrij,zonder)	33957	376901001	70.544
universiteit N(soort,ev,basis,zijd,stan)	33953	376934954	70.5503
bewoner N(soort,mv,basis)	33921	376968875	70.5567
klasse N(soort,ev,basis,zijd,stan)	33878	377002753	70.563
12 TW(hoofd,prenom,stan)	33862	377036615	70.5694
trekken WW(pv,verl,ev)	33850	377070465	70.5757
eenmaal BW()	33828	377104293	70.582
zeggen WW(pv,tgw,mv)	33813	377138106	70.5884
schade N(soort,ev,basis,zijd,stan)	33787	377171893	70.5947
los ADJ(vrij,basis,zonder)	33752	377205645	70.601
match N(soort,ev,basis,zijd,stan)	33649	377239294	70.6073
omzet N(soort,ev,basis,zijd,stan)	33639	377272933	70.6136
vuur N(soort,ev,basis,onz,stan)	33608	377306541	70.6199
maat N(soort,ev,basis,zijd,stan)	33603	377340144	70.6262
jeugd N(soort,ev,basis,zijd,stan)	33597	377373741	70.6325
hoeveel TW(hoofd,prenom,stan)	33572	377407313	70.6388
band N(soort,ev,basis,zijd,stan)	33571	377440884	70.645
drie TW(rang,nom,zonder-n)	33524	377474408	70.6513
divers ADJ(prenom,basis,met-e,stan)	33446	377507854	70.6576
Genk SPEC(deeleigen)	33413	377541267	70.6638
hoofdstad N(soort,ev,basis,zijd,stan)	33399	377574666	70.6701
se SPEC(vreemd)	33379	377608045	70.6763
mevrouw N(soort,ev,basis,zijd,stan)	33353	377641398	70.6826
liggen WW(pv,tgw,mv)	33189	377674587	70.6888
vast ADJ(prenom,basis,met-e,stan)	33158	377707745	70.695
Rusland SPEC(deeleigen)	33033	377740778	70.7012
vragen WW(pv,tgw,ev)	33017	377773795	70.7073
onmiddellijk ADJ(vrij,basis,zonder)	32986	377806781	70.7135
samenleving N(soort,ev,basis,zijd,stan)	32979	377839760	70.7197
antwerps ADJ(prenom,basis,met-e,stan)	32962	377872722	70.7259
Peeters SPEC(deeleigen)	32880	377905602	70.732
erin BW()	32808	377938410	70.7382
tel. N(soort,ev,basis,zijd,stan)	32786	377971196	70.7443
kloppen WW(pv,tgw,met-t)	32770	378003966	70.7504
beeld N(soort,mv,basis)	32738	378036704	70.7566
plek N(soort,ev,basis,zijd,stan)	32705	378069409	70.7627
stil ADJ(vrij,basis,zonder)	32691	378102100	70.7688
werken WW(pv,verl,ev)	32662	378134762	70.7749
betrekken WW(vd,vrij,zonder)	32613	378167375	70.781
slapen WW(inf,vrij,zonder)	32609	378199984	70.7871
1999 TW(hoofd,vrij)	32577	378232561	70.7932
schrijven WW(pv,tgw,met-t)	32574	378265135	70.7993
energie N(soort,ev,basis,zijd,stan)	32530	378297665	70.8054
enorm ADJ(prenom,basis,met-e,stan)	32492	378330157	70.8115
baan N(soort,ev,basis,zijd,stan)	32486	378362643	70.8176
halen WW(pv,tgw,met-t)	32484	378395127	70.8236
bedanken WW(vd,vrij,zonder)	32455	378427582	70.8297
mijn VNW(bez,det,stan,red,1,ev,prenom,zonder,agr)	32399	378459981	70.8358
bedrag N(soort,ev,basis,onz,stan)	32354	378492335	70.8418
pakken WW(inf,vrij,zonder)	32312	378524647	70.8479
dienen WW(pv,tgw,met-t)	32265	378556912	70.8539
besluit N(soort,ev,basis,onz,stan)	32203	378589115	70.8599
geluk N(soort,ev,basis,onz,stan)	32168	378621283	70.866
stad N(soort,mv,basis)	32139	378653422	70.872
blijven WW(pv,tgw,ev)	32111	378685533	70.878
algemeen ADJ(prenom,basis,met-e,stan)	32111	378717644	70.884
wakke ADJ(vrij,basis,zonder)	32102	378749746	70.89
Wim SPEC(deeleigen)	32052	378781798	70.896
allerlei ADJ(prenom,basis,zonder)	32044	378813842	70.902
vrijheid N(soort,ev,basis,zijd,stan)	32025	378845867	70.908
II SPEC(deeleigen)	32016	378877883	70.914
mogen WW(inf,vrij,zonder)	32008	378909891	70.92
beschikking N(soort,ev,basis,zijd,stan)	31938	378941829	70.926
makkelijk ADJ(vrij,basis,zonder)	31921	378973750	70.9319
toepassing N(soort,ev,basis,zijd,stan)	31920	379005670	70.9379
leuk ADJ(prenom,basis,met-e,stan)	31900	379037570	70.9439
positie N(soort,ev,basis,zijd,stan)	31834	379069404	70.9498
n BW()	31811	379101215	70.9558
nochtans BW()	31809	379133024	70.9618
stoppen WW(inf,vrij,zonder)	31771	379164795	70.9677
winkel N(soort,ev,basis,zijd,stan)	31731	379196526	70.9736
noemen WW(pv,tgw,met-t)	31721	379228247	70.9796
persoonlijk ADJ(prenom,basis,met-e,stan)	31710	379259957	70.9855
gebrek N(soort,ev,basis,onz,stan)	31686	379291643	70.9914
houden WW(pv,tgw,mv)	31604	379323247	70.9974
schip N(soort,mv,basis)	31593	379354840	71.0033
student N(soort,mv,basis)	31560	379386400	71.0092
Belgen SPEC(deeleigen)	31502	379417902	71.0151
bron N(soort,ev,basis,zijd,stan)	31490	379449392	71.021
tegelijk BW()	31459	379480851	71.0269
hij VNW(pers,pron,nomin,red,3,ev,masc)	31430	379512281	71.0327
cel N(soort,ev,basis,zijd,stan)	31399	379543680	71.0386
afstand N(soort,ev,basis,zijd,stan)	31374	379575054	71.0445
bouwen WW(inf,vrij,zonder)	31345	379606399	71.0504
burger N(soort,mv,basis)	31323	379637722	71.0562
Londen SPEC(deeleigen)	31318	379669040	71.0621
functie N(soort,ev,basis,zijd,stan)	31305	379700345	71.0679
bank N(soort,mv,basis)	31302	379731647	71.0738
Bush SPEC(deeleigen)	31293	379762940	71.0797
Rotterdam SPEC(deeleigen)	31248	379794188	71.0855
absoluut ADJ(vrij,basis,zonder)	31235	379825423	71.0913
zorgen WW(pv,tgw,met-t)	31174	379856597	71.0972
regen N(soort,ev,basis,zijd,stan)	31170	379887767	71.103
1996 TW(hoofd,vrij)	31142	379918909	71.1088
honderd TW(hoofd,prenom,stan)	31109	379950018	71.1147
spaans ADJ(prenom,basis,met-e,stan)	31062	379981080	71.1205
veranderen WW(inf,vrij,zonder)	31048	380012128	71.1263
zege N(soort,ev,basis,zijd,stan)	31024	380043152	71.1321
maatschappij N(soort,ev,basis,zijd,stan)	30975	380074127	71.1379
verlies N(soort,ev,basis,onz,stan)	30922	380105049	71.1437
verliezen WW(pv,verl,ev)	30877	380135926	71.1495
mogelijkheid N(soort,mv,basis)	30809	380166735	71.1552
alweer BW()	30809	380197544	71.161
snel ADJ(vrij,comp,zonder)	30807	380228351	71.1668
rond VZ(fin)	30780	380259131	71.1725
Re SPEC(symb)	30762	380289893	71.1783
kijken WW(pv,tgw,met-t)	30759	380320652	71.184
werken WW(vd,vrij,zonder)	30731	380351383	71.1898
achter VZ(fin)	30670	380382053	71.1955
wonen WW(pv,tgw,met-t)	30654	380412707	71.2013
centraal ADJ(prenom,basis,met-e,stan)	30608	380443315	71.207
stuk N(soort,mv,basis)	30522	380473837	71.2127
Hans SPEC(deeleigen)	30510	380504347	71.2184
zowat BW()	30472	380534819	71.2241
respect N(soort,ev,basis,onz,stan)	30467	380565286	71.2298
voormalig ADJ(prenom,basis,met-e,stan)	30462	380595748	71.2355
officieel ADJ(prenom,basis,met-e,stan)	30370	380626118	71.2412
aarde N(soort,ev,basis,zijd,stan)	30350	380656468	71.2469
welkom ADJ(vrij,basis,zonder)	30348	380686816	71.2526
werken WW(pv,tgw,mv)	30262	380717078	71.2582
EU SPEC(deeleigen)	30228	380747306	71.2639
initiatief N(soort,ev,basis,onz,stan)	30224	380777530	71.2696
noemen WW(inf,vrij,zonder)	30197	380807727	71.2752
televisie N(soort,ev,basis,zijd,stan)	30173	380837900	71.2809
8 TW(hoofd,prenom,stan)	30172	380868072	71.2865
Justitie N(soort,ev,basis,zijd,stan)	30125	380898197	71.2921
erbij BW()	30093	380928290	71.2978
beurs N(soort,ev,basis,zijd,stan)	30058	380958348	71.3034
bus N(soort,ev,basis,zijd,stan)	30053	380988401	71.309
aanleiding N(soort,ev,basis,zijd,stan)	30043	381018444	71.3146
reeds BW()	29960	381048404	71.3203
plots ADJ(vrij,basis,zonder)	29959	381078363	71.3259
regelmatig ADJ(vrij,basis,zonder)	29953	381108316	71.3315
auto N(soort,mv,basis)	29948	381138264	71.3371
verkopen WW(inf,vrij,zonder)	29939	381168203	71.3427
leiden WW(pv,tgw,met-t)	29897	381198100	71.3483
Kortrijk SPEC(deeleigen)	29870	381227970	71.3539
vol ADJ(prenom,basis,met-e,stan)	29842	381257812	71.3594
veroordelen WW(vd,vrij,zonder)	29789	381287601	71.365
dienst N(soort,mv,basis)	29759	381317360	71.3706
mezelf VNW(pr,pron,obl,nadr,1,ev)	29713	381347073	71.3762
verdrag N(soort,ev,basis,onz,stan)	29703	381376776	71.3817
trein N(soort,ev,basis,zijd,stan)	29703	381406479	71.3873
enorm ADJ(vrij,basis,zonder)	29701	381436180	71.3928
sfeer N(soort,ev,basis,zijd,stan)	29681	381465861	71.3984
bieden WW(inf,vrij,zonder)	29674	381495535	71.4039
modern ADJ(prenom,basis,met-e,stan)	29662	381525197	71.4095
winnen WW(pv,tgw,met-t)	29656	381554853	71.415
18 TW(hoofd,prenom,stan)	29589	381584442	71.4206
proberen WW(pv,tgw,met-t)	29565	381614007	71.4261
tis N(soort,ev,basis,zijd,stan)	29548	381643555	71.4316
vervangen WW(vd,vrij,zonder)	29545	381673100	71.4372
Amerikanen SPEC(deeleigen)	29509	381702609	71.4427
eveneens BW()	29504	381732113	71.4482
grens N(soort,ev,basis,zijd,stan)	29470	381761583	71.4537
bedoeld WW(vd,vrij,zonder)	29450	381791033	71.4592
sommig VNW(onbep,det,stan,nom,met-e,mv-n)	29446	381820479	71.4648
groot ADJ(prenom,comp,met-e,stan)	29441	381849920	71.4703
Haag SPEC(deeleigen)	29441	381879361	71.4758
\ LET()	29422	381908783	71.4813
drie TW(hoofd,vrij)	29403	381938186	71.4868
dorp N(soort,ev,basis,onz,stan)	29390	381967576	71.4923
vaststellen WW(vd,vrij,zonder)	29385	381996961	71.4978
voelen WW(pv,verl,ev)	29379	382026340	71.5033
zomaar BW()	29337	382055677	71.5088
Leterme SPEC(deeleigen)	29270	382084947	71.5143
terrein N(soort,ev,basis,onz,stan)	29233	382114180	71.5197
plezier N(soort,ev,basis,onz,stan)	29221	382143401	71.5252
mogelijkheid N(soort,ev,basis,zijd,stan)	29071	382172472	71.5306
groep N(soort,mv,basis)	29070	382201542	71.5361
betalen WW(vd,vrij,zonder)	29057	382230599	71.5415
omstandigheid N(soort,mv,basis)	29032	382259631	71.547
voordeel N(soort,ev,basis,onz,stan)	29029	382288660	71.5524
boven VZ(fin)	29001	382317661	71.5578
rijden WW(pv,verl,ev)	28993	382346654	71.5632
geloven WW(inf,vrij,zonder)	28974	382375628	71.5687
open ADJ(prenom,basis,zonder)	28967	382404595	71.5741
un SPEC(vreemd)	28939	382433534	71.5795
Tweede SPEC(deeleigen)	28935	382462469	71.5849
koers N(soort,ev,basis,zijd,stan)	28924	382491393	71.5903
200 TW(hoofd,prenom,stan)	28895	382520288	71.5957
wanneer BW()	28872	382549160	71.6011
mond N(soort,ev,basis,zijd,stan)	28868	382578028	71.6065
1995 TW(hoofd,vrij)	28824	382606852	71.6119
bijlage N(soort,ev,basis,zijd,stan)	28795	382635647	71.6173
dertig TW(hoofd,prenom,stan)	28792	382664439	71.6227
volledig ADJ(prenom,basis,met-e,stan)	28783	382693222	71.6281
2 SPEC(symb)	28763	382721985	71.6335
militair ADJ(prenom,basis,met-e,stan)	28753	382750738	71.6389
laat ADJ(nom,sup,met-e,zonder-n,stan)	28676	382779414	71.6442
café N(soort,ev,basis,onz,stan)	28612	382808026	71.6496
lezen WW(pv,tgw,ev)	28540	382836566	71.6549
twee TW(rang,nom,zonder-n)	28508	382865074	71.6603
bureau N(soort,ev,basis,onz,stan)	28486	382893560	71.6656
stellen WW(pv,tgw,ev)	28477	382922037	71.6709
recht N(soort,mv,basis)	28428	382950465	71.6763
opleiding N(soort,ev,basis,zijd,stan)	28407	382978872	71.6816
technisch ADJ(prenom,basis,met-e,stan)	28406	383007278	71.6869
Geert SPEC(deeleigen)	28391	383035669	71.6922
bereid ADJ(vrij,basis,zonder)	28380	383064049	71.6975
kiezen WW(vd,vrij,zonder)	28302	383092351	71.7028
bestuurder N(soort,ev,basis,zijd,stan)	28289	383120640	71.7081
zolang VG(onder)	28242	383148882	71.7134
reden N(soort,mv,basis)	28220	383177102	71.7187
moslim N(soort,mv,basis)	28190	383205292	71.724
brandweer N(soort,ev,basis,zijd,stan)	28180	383233472	71.7292
verantwoordelijk ADJ(vrij,basis,zonder)	28163	383261635	71.7345
wind N(soort,ev,basis,zijd,stan)	28121	383289756	71.7398
Meneer N(soort,ev,basis,zijd,stan)	28063	383317819	71.745
waarvoor BW()	28034	383345853	71.7503
doen WW(pv,verl,mv)	28016	383373869	71.7555
film N(soort,mv,basis)	28004	383401873	71.7607
product N(soort,ev,basis,onz,stan)	27951	383429824	71.766
voet N(soort,ev,basis,zijd,stan)	27931	383457755	71.7712
it SPEC(vreemd)	27895	383485650	71.7764
spreken WW(vd,vrij,zonder)	27878	383513528	71.7816
schuld N(soort,ev,basis,zijd,stan)	27877	383541405	71.7869
ding N(soort,ev,basis,onz,stan)	27851	383569256	71.7921
7 TW(hoofd,prenom,stan)	27833	383597089	71.7973
totaal ADJ(prenom,basis,met-e,stan)	27797	383624886	71.8025
nadien BW()	27755	383652641	71.8077
in SPEC(vreemd)	27723	383680364	71.8129
eerlijk ADJ(vrij,basis,zonder)	27698	383708062	71.8181
vinden WW(pv,verl,mv)	27690	383735752	71.8232
vlak N(soort,ev,basis,onz,stan)	27676	383763428	71.8284
vlak BW()	27642	383791070	71.8336
zitten WW(pv,verl,mv)	27609	383818679	71.8388
advocaat N(soort,ev,basis,zijd,stan)	27604	383846283	71.8439
goed ADJ(nom,sup,met-e,zonder-n,stan)	27599	383873882	71.8491
zoeken WW(pv,tgw,met-t)	27598	383901480	71.8543
rij N(soort,ev,basis,zijd,stan)	27577	383929057	71.8594
geraken WW(vd,vrij,zonder)	27575	383956632	71.8646
waard ADJ(vrij,basis,zonder)	27556	383984188	71.8697
60 TW(hoofd,prenom,stan)	27505	384011693	71.8749
klein ADJ(vrij,basis,zonder)	27483	384039176	71.88
russisch ADJ(prenom,basis,met-e,stan)	27415	384066591	71.8852
perfect ADJ(vrij,basis,zonder)	27391	384093982	71.8903
voorsprong N(soort,ev,basis,zijd,stan)	27382	384121364	71.8954
gemakkelijk ADJ(vrij,basis,zonder)	27360	384148724	71.9005
staan WW(pv,tgw,ev)	27331	384176055	71.9056
richten WW(vd,vrij,zonder)	27320	384203375	71.9108
overwinning N(soort,ev,basis,zijd,stan)	27313	384230688	71.9159
studie N(soort,ev,basis,zijd,stan)	27300	384257988	71.921
verhaal N(soort,mv,basis)	27263	384285251	71.9261
dik ADJ(prenom,basis,met-e,stan)	27251	384312502	71.9312
noch VG(neven)	27244	384339746	71.9363
Roeselare SPEC(deeleigen)	27234	384366980	71.9414
natuur N(soort,ev,basis,zijd,stan)	27199	384394179	71.9465
beweging N(soort,ev,basis,zijd,stan)	27115	384421294	71.9515
reis N(soort,ev,basis,zijd,stan)	27073	384448367	71.9566
klassiek ADJ(prenom,basis,met-e,stan)	27031	384475398	71.9617
bedoelen WW(pv,tgw,ev)	27029	384502427	71.9667
aangezien VG(onder)	26989	384529416	71.9718
overwegen WW(od,vrij,zonder)	26979	384556395	71.9768
werking N(soort,ev,basis,zijd,stan)	26935	384583330	71.9819
eraan BW()	26914	384610244	71.9869
voorwaarde N(soort,mv,basis)	26897	384637141	71.9919
Turkije SPEC(deeleigen)	26897	384664038	71.997
rapport N(soort,ev,basis,onz,stan)	26896	384690934	72.002
14 TW(hoofd,prenom,stan)	26893	384717827	72.0071
denken WW(pv,tgw,mv)	26886	384744713	72.0121
risico N(soort,ev,basis,onz,stan)	26854	384771567	72.0171
Vlamingen SPEC(deeleigen)	26849	384798416	72.0221
1998 TW(hoofd,vrij)	26840	384825256	72.0272
Michael SPEC(deeleigen)	26815	384852071	72.0322
c N(soort,ev,basis,zijd,stan)	26757	384878828	72.0372
lief ADJ(vrij,basis,zonder)	26746	384905574	72.0422
slaan WW(pv,tgw,met-t)	26740	384932314	72.0472
dood ADJ(vrij,basis,zonder)	26739	384959053	72.0522
bloed N(soort,ev,basis,onz,stan)	26676	384985729	72.0572
vakbond N(soort,mv,basis)	26673	385012402	72.0622
Michel SPEC(deeleigen)	26664	385039066	72.0672
koffie N(soort,ev,basis,zijd,stan)	26663	385065729	72.0722
sluiten WW(vd,vrij,zonder)	26658	385092387	72.0772
verantwoordelijkheid N(soort,ev,basis,zijd,stan)	26639	385119026	72.0821
openbaar ADJ(prenom,basis,zonder)	26639	385145665	72.0871
handel N(soort,ev,basis,zijd,stan)	26635	385172300	72.0921
rechts ADJ(vrij,basis,zonder)	26604	385198904	72.0971
wijn N(soort,ev,basis,zijd,stan)	26590	385225494	72.1021
negen TW(hoofd,prenom,stan)	26585	385252079	72.107
eigenaar N(soort,ev,basis,zijd,stan)	26583	385278662	72.112
loop N(soort,ev,basis,zijd,stan)	26581	385305243	72.117
overleg N(soort,ev,basis,onz,stan)	26572	385331815	72.122
overeenkomst N(soort,ev,basis,zijd,stan)	26568	385358383	72.1269
voordat VG(onder)	26537	385384920	72.1319
versie N(soort,ev,basis,zijd,stan)	26520	385411440	72.1369
tijd N(soort,mv,basis)	26513	385437953	72.1418
kampioen N(soort,ev,basis,zijd,stan)	26509	385464462	72.1468
maken WW(pv,verl,mv)	26490	385490952	72.1518
dossier N(soort,ev,basis,onz,stan)	26489	385517441	72.1567
eh N(soort,ev,basis,zijd,stan)	26445	385543886	72.1617
bereiken WW(inf,vrij,zonder)	26424	385570310	72.1666
horen WW(pv,verl,ev)	26417	385596727	72.1716
halen WW(vd,vrij,zonder)	26387	385623114	72.1765
droog ADJ(vrij,basis,zonder)	26356	385649470	72.1814
uitspraak N(soort,ev,basis,zijd,stan)	26287	385675757	72.1863
spreken WW(pv,verl,ev)	26286	385702043	72.1913
twaalf TW(hoofd,prenom,stan)	26283	385728326	72.1962
2008 TW(hoofd,vrij)	26251	385754577	72.2011
tuin N(soort,ev,basis,zijd,stan)	26236	385780813	72.206
geven WW(pv,tgw,mv)	26230	385807043	72.2109
mooi ADJ(prenom,basis,zonder)	26195	385833238	72.2158
kijken WW(pv,verl,ev)	26170	385859408	72.2207
cd N(soort,ev,basis,zijd,stan)	26150	385885558	72.2256
boodschap N(soort,ev,basis,zijd,stan)	26143	385911701	72.2305
drinken WW(inf,vrij,zonder)	26142	385937843	72.2354
zulk VNW(aanw,det,stan,prenom,met-e,rest)	26128	385963971	72.2403
hoog ADJ(prenom,comp,met-e,stan)	26106	385990077	72.2452
zaal N(soort,ev,basis,zijd,stan)	26089	386016166	72.2501
nergens VNW(onbep,adv-pron,obl,vol,3o,getal)	26060	386042226	72.2549
midden N(soort,ev,basis,onz,stan)	26033	386068259	72.2598
Le SPEC(deeleigen)	26022	386094281	72.2647
Thomas SPEC(deeleigen)	26010	386120291	72.2695
Zondag SPEC(deeleigen)	26001	386146292	72.2744
positief ADJ(vrij,basis,zonder)	25988	386172280	72.2793
verwachten WW(pv,tgw,ev)	25971	386198251	72.2841
bestaan WW(pv,tgw,mv)	25951	386224202	72.289
museum N(soort,ev,basis,onz,stan)	25899	386250101	72.2938
deelnemer N(soort,mv,basis)	25877	386275978	72.2987
v SPEC(symb)	25861	386301839	72.3035
proberen WW(pv,tgw,ev)	25841	386327680	72.3084
coach N(soort,ev,basis,zijd,stan)	25799	386353479	72.3132
uitvoeren WW(vd,vrij,zonder)	25778	386379257	72.318
nodig ADJ(prenom,basis,met-e,stan)	25739	386404996	72.3228
ermee BW()	25733	386430729	72.3277
xxx SPEC(vreemd)	25701	386456430	72.3325
diep ADJ(vrij,basis,zonder)	25691	386482121	72.3373
Nederlanders SPEC(deeleigen)	25689	386507810	72.3421
waaronder BW()	25668	386533478	72.3469
BRUSSEL SPEC(deeleigen)	25654	386559132	72.3517
i N(soort,ev,basis,zijd,stan)	25646	386584778	72.3565
speler N(soort,ev,basis,zijd,stan)	25645	386610423	72.3613
publiek ADJ(prenom,basis,met-e,stan)	25641	386636064	72.3661
kleur N(soort,ev,basis,zijd,stan)	25622	386661686	72.3709
verklaring N(soort,ev,basis,zijd,stan)	25620	386687306	72.3757
bedragen WW(pv,tgw,met-t)	25609	386712915	72.3805
mis ADJ(vrij,basis,zonder)	25604	386738519	72.3853
voldoend ADJ(vrij,basis,zonder)	25599	386764118	72.3901
plaatsen WW(vd,vrij,zonder)	25568	386789686	72.3948
gisteravond BW()	25568	386815254	72.3996
angst N(soort,ev,basis,zijd,stan)	25565	386840819	72.4044
ah N(soort,ev,basis,zijd,stan)	25550	386866369	72.4092
bewust ADJ(vrij,basis,zonder)	25525	386891894	72.414
naar VZ(fin)	25510	386917404	72.4187
toegang N(soort,ev,basis,zijd,stan)	25502	386942906	72.4235
oppakken WW(vd,vrij,zonder)	25493	386968399	72.4283
hem VNW(pers,pron,obl,red,3,ev,masc)	25467	386993866	72.4331
collega N(soort,ev,basis,zijd,stan)	25462	387019328	72.4378
waarheid N(soort,ev,basis,zijd,stan)	25454	387044782	72.4426
hard ADJ(prenom,basis,met-e,stan)	25433	387070215	72.4473
gemiddeld ADJ(vrij,basis,zonder)	25418	387095633	72.4521
voorzien WW(vd,vrij,zonder)	25416	387121049	72.4569
jezelf VNW(pr,pron,obl,nadr,2v,getal)	25352	387146401	72.4616
vijftien TW(hoofd,prenom,stan)	25345	387171746	72.4663
parket N(soort,ev,basis,onz,stan)	25305	387197051	72.4711
baas N(soort,ev,basis,zijd,stan)	25246	387222297	72.4758
Engeland SPEC(deeleigen)	25236	387247533	72.4805
geheel N(soort,ev,basis,onz,stan)	25234	387272767	72.4853
leven WW(inf,vrij,zonder)	25204	387297971	72.49
vier TW(hoofd,vrij)	25181	387323152	72.4947
heel ADJ(prenom,basis,zonder)	25177	387348329	72.4994
bestaan WW(od,prenom,met-e)	25160	387373489	72.5041
Pieter SPEC(deeleigen)	25150	387398639	72.5088
Charleroi SPEC(deeleigen)	25148	387423787	72.5135
ziek ADJ(vrij,basis,zonder)	25144	387448931	72.5182
soort N(soort,ev,basis,onz,stan)	25139	387474070	72.5229
hond N(soort,ev,basis,zijd,stan)	25106	387499176	72.5276
SP.A SPEC(deeleigen)	25051	387524227	72.5323
karakter N(soort,ev,basis,onz,stan)	25049	387549276	72.537
gek ADJ(vrij,basis,zonder)	25048	387574324	72.5417
proberen WW(pv,verl,ev)	25047	387599371	72.5464
hopen WW(pv,tgw,met-t)	24994	387624365	72.5511
dragen WW(inf,vrij,zonder)	24980	387649345	72.5557
positief ADJ(prenom,basis,met-e,stan)	24975	387674320	72.5604
Hasselt SPEC(deeleigen)	24965	387699285	72.5651
dood ADJ(nom,basis,met-e,mv-n)	24962	387724247	72.5698
kaart N(soort,mv,basis)	24959	387749206	72.5744
geel ADJ(prenom,basis,met-e,stan)	24944	387774150	72.5791
dokter N(soort,ev,basis,zijd,stan)	24929	387799079	72.5838
competitie N(soort,ev,basis,zijd,stan)	24921	387824000	72.5884
onmogelijk ADJ(vrij,basis,zonder)	24908	387848908	72.5931
vooruit BW()	24904	387873812	72.5978
praktijk N(soort,ev,basis,zijd,stan)	24903	387898715	72.6024
draaien WW(pv,tgw,met-t)	24889	387923604	72.6071
middag N(soort,ev,basis,zijd,stan)	24887	387948491	72.6117
prins N(soort,ev,basis,zijd,stan)	24885	387973376	72.6164
groet N(soort,mv,dim)	24865	387998241	72.621
volgen WW(vd,vrij,zonder)	24862	388023103	72.6257
voelen WW(inf,vrij,zonder)	24856	388047959	72.6303
pour SPEC(vreemd)	24850	388072809	72.635
officieel ADJ(vrij,basis,zonder)	24813	388097622	72.6396
gevangenis N(soort,ev,basis,zijd,stan)	24795	388122417	72.6443
feest N(soort,ev,basis,onz,stan)	24785	388147202	72.6489
campagne N(soort,ev,basis,zijd,stan)	24778	388171980	72.6536
huis N(soort,mv,basis)	24773	388196753	72.6582
Albert SPEC(deeleigen)	24761	388221514	72.6628
tijd N(soort,ev,dim,onz,stan)	24746	388246260	72.6675
daarover BW()	24700	388270960	72.6721
schrijver N(soort,ev,basis,zijd,stan)	24685	388295645	72.6767
fiets N(soort,ev,basis,zijd,stan)	24676	388320321	72.6813
zuiden N(soort,ev,basis,onz,stan)	24668	388344989	72.6859
boete N(soort,ev,basis,zijd,stan)	24662	388369651	72.6906
aanpak N(soort,ev,basis,zijd,stan)	24651	388394302	72.6952
afdeling N(soort,ev,basis,zijd,stan)	24637	388418939	72.6998
serieus ADJ(vrij,basis,zonder)	24614	388443553	72.7044
groen ADJ(prenom,basis,met-e,stan)	24593	388468146	72.709
keuken N(soort,ev,basis,zijd,stan)	24584	388492730	72.7136
leven WW(pv,tgw,met-t)	24583	388517313	72.7182
democratie N(soort,ev,basis,zijd,stan)	24535	388541848	72.7228
gedrag N(soort,ev,basis,onz,stan)	24496	388566344	72.7274
totaal N(soort,ev,basis,onz,stan)	24438	388590782	72.7319
tiental N(soort,mv,basis)	24434	388615216	72.7365
rekenen WW(inf,vrij,zonder)	24409	388639625	72.7411
zogenaamd ADJ(prenom,basis,met-e,stan)	24374	388663999	72.7456
passen WW(pv,tgw,met-t)	24321	388688320	72.7502
1994 TW(hoofd,vrij)	24304	388712624	72.7548
sociaal ADJ(prenom,basis,zonder)	24280	388736904	72.7593
deel N(soort,mv,basis)	24261	388761165	72.7638
kunnen WW(pv,verl,mv)	24252	388785417	72.7684
klant N(soort,ev,basis,zijd,stan)	24252	388809669	72.7729
overtuigen WW(vd,vrij,zonder)	24242	388833911	72.7775
zekerheid N(soort,ev,basis,zijd,stan)	24233	388858144	72.782
bereiken WW(vd,vrij,zonder)	24211	388882355	72.7865
genieten WW(inf,vrij,zonder)	24193	388906548	72.791
une SPEC(vreemd)	24191	388930739	72.7956
vaak ADJ(vrij,comp,zonder)	24185	388954924	72.8001
huwelijk N(soort,ev,basis,onz,stan)	24179	388979103	72.8046
onderwerp N(soort,ev,basis,onz,stan)	24177	389003280	72.8092
b SPEC(symb)	24159	389027439	72.8137
tenminste BW()	24135	389051574	72.8182
directie N(soort,ev,basis,zijd,stan)	24115	389075689	72.8227
tonen WW(pv,tgw,met-t)	24112	389099801	72.8272
woning N(soort,mv,basis)	24107	389123908	72.8317
poging N(soort,ev,basis,zijd,stan)	24092	389148000	72.8362
que SPEC(vreemd)	24081	389172081	72.8407
WK SPEC(deeleigen)	24063	389196144	72.8453
sluiten WW(inf,vrij,zonder)	24015	389220159	72.8497
gewond ADJ(vrij,basis,zonder)	24010	389244169	72.8542
bouwen WW(vd,vrij,zonder)	24008	389268177	72.8587
verliezen WW(inf,vrij,zonder)	23988	389292165	72.8632
val N(soort,ev,basis,zijd,stan)	23982	389316147	72.8677
ofwel VG(neven)	23975	389340122	72.8722
gedurende VZ(init)	23968	389364090	72.8767
ff SPEC(afk)	23948	389388038	72.8812
leveren WW(pv,tgw,met-t)	23934	389411972	72.8856
EG SPEC(deeleigen)	23931	389435903	72.8901
hè N(soort,ev,basis,zijd,stan)	23925	389459828	72.8946
jong ADJ(vrij,basis,zonder)	23905	389483733	72.8991
vóór VZ(init)	23880	389507613	72.9035
zien WW(pv,verl,mv)	23845	389531458	72.908
lezen WW(vd,vrij,zonder)	23830	389555288	72.9125
doelman N(soort,ev,basis,zijd,stan)	23830	389579118	72.9169
Standard SPEC(deeleigen)	23828	389602946	72.9214
Guy SPEC(deeleigen)	23827	389626773	72.9259
denken WW(vd,vrij,zonder)	23792	389650565	72.9303
job N(soort,ev,basis,zijd,stan)	23772	389674337	72.9348
veranderen WW(vd,vrij,zonder)	23763	389698100	72.9392
soort N(soort,mv,basis)	23762	389721862	72.9436
begrijpen WW(pv,tgw,ev)	23756	389745618	72.9481
tentoonstelling N(soort,ev,basis,zijd,stan)	23746	389769364	72.9525
loop WW(pv,tgw,mv)	23733	389793097	72.957
mijnheer N(soort,ev,basis,zijd,stan)	23725	389816822	72.9614
jaarlijks ADJ(vrij,basis,zonder)	23722	389840544	72.9659
Koen SPEC(deeleigen)	23721	389864265	72.9703
voortaan BW()	23714	389887979	72.9747
!!! LET()	23714	389911693	72.9792
partner N(soort,ev,basis,zijd,stan)	23698	389935391	72.9836
ziekte N(soort,ev,basis,zijd,stan)	23688	389959079	72.988
doordat VG(onder)	23678	389982757	72.9925
extra ADJ(vrij,basis,zonder)	23661	390006418	72.9969
station N(soort,ev,basis,onz,stan)	23659	390030077	73.0013
comité N(soort,ev,basis,onz,stan)	23655	390053732	73.0058
effect N(soort,ev,basis,onz,stan)	23632	390077364	73.0102
chinees ADJ(prenom,basis,met-e,stan)	23595	390100959	73.0146
veel VNW(onbep,grad,stan,nom,met-e,mv-n,basis)	23592	390124551	73.019
eerder ADJ(vrij,basis,zonder)	23582	390148133	73.0234
medewerker N(soort,mv,basis)	23580	390171713	73.0278
Bert SPEC(deeleigen)	23567	390195280	73.0323
:( SPEC(symb)	23560	390218840	73.0367
mama N(soort,ev,basis,zijd,stan)	23546	390242386	73.0411
principe N(soort,ev,basis,onz,stan)	23526	390265912	73.0455
ongeval N(soort,ev,basis,onz,stan)	23519	390289431	73.0499
bestaan WW(inf,vrij,zonder)	23505	390312936	73.0543
Kamer SPEC(deeleigen)	23496	390336432	73.0587
à SPEC(vreemd)	23488	390359920	73.0631
min BW()	23483	390383403	73.0675
licht ADJ(prenom,basis,met-e,stan)	23478	390406881	73.0719
concurrentie N(soort,ev,basis,zijd,stan)	23472	390430353	73.0763
hopelijk ADJ(vrij,basis,zonder)	23463	390453816	73.0806
verlaten WW(inf,vrij,zonder)	23442	390477258	73.085
materiaal N(soort,ev,basis,onz,stan)	23440	390500698	73.0894
Zaterdag SPEC(deeleigen)	23423	390524121	73.0938
vergelijking N(soort,ev,basis,zijd,stan)	23419	390547540	73.0982
vlees N(soort,ev,basis,onz,stan)	23379	390570919	73.1026
dader N(soort,mv,basis)	23379	390594298	73.1069
bijzonder ADJ(prenom,basis,met-e,stan)	23372	390617670	73.1113
muur N(soort,ev,basis,zijd,stan)	23370	390641040	73.1157
verplichten WW(vd,vrij,zonder)	23358	390664398	73.1201
zover BW()	23347	390687745	73.1244
wijzigen WW(vd,vrij,zonder)	23340	390711085	73.1288
vereniging N(soort,ev,basis,zijd,stan)	23320	390734405	73.1332
reactie N(soort,mv,basis)	23312	390757717	73.1375
Robert SPEC(deeleigen)	23307	390781024	73.1419
ontslag N(soort,ev,basis,onz,stan)	23286	390804310	73.1462
stijl N(soort,ev,basis,zijd,stan)	23278	390827588	73.1506
smaak N(soort,ev,basis,zijd,stan)	23251	390850839	73.155
nemen WW(pv,tgw,mv)	23233	390874072	73.1593
turks ADJ(prenom,basis,met-e,stan)	23200	390897272	73.1636
beurt N(soort,ev,basis,zijd,stan)	23189	390920461	73.168
onderhandeling N(soort,mv,basis)	23183	390943644	73.1723
voet N(soort,mv,basis)	23180	390966824	73.1767
aanbod N(soort,ev,basis,onz,stan)	23178	390990002	73.181
Karel SPEC(deeleigen)	23173	391013175	73.1853
Utrecht SPEC(deeleigen)	23145	391036320	73.1897
fout ADJ(vrij,basis,zonder)	23138	391059458	73.194
historisch ADJ(prenom,basis,met-e,stan)	23132	391082590	73.1983
3 SPEC(symb)	23123	391105713	73.2027
algemeen ADJ(nom,basis,zonder,zonder-n)	23118	391128831	73.207
gebied N(soort,mv,basis)	23107	391151938	73.2113
een TW(hoofd,nom,zonder-n,dim)	23105	391175043	73.2156
volgen WW(pv,verl,ev)	23099	391198142	73.22
vanmorgen BW()	23089	391221231	73.2243
taak N(soort,ev,basis,zijd,stan)	23082	391244313	73.2286
agent N(soort,mv,basis)	23073	391267386	73.2329
Wallonië SPEC(deeleigen)	23055	391290441	73.2372
kust N(soort,ev,basis,zijd,stan)	23041	391313482	73.2415
persoonlijk ADJ(vrij,basis,zonder)	22996	391336478	73.2459
engels ADJ(prenom,basis,met-e,stan)	22986	391359464	73.2502
SK SPEC(deeleigen)	22975	391382439	73.2545
type N(soort,ev,basis,onz,stan)	22958	391405397	73.2588
qui SPEC(vreemd)	22952	391428349	73.263
Steven SPEC(deeleigen)	22952	391451301	73.2673
beneden VZ(fin)	22946	391474247	73.2716
wél BW()	22924	391497171	73.2759
sturen WW(inf,vrij,zonder)	22922	391520093	73.2802
begrip N(soort,ev,basis,onz,stan)	22917	391543010	73.2845
Herman SPEC(deeleigen)	22916	391565926	73.2888
kandidaat N(soort,mv,basis)	22864	391588790	73.2931
gebouw N(soort,mv,basis)	22862	391611652	73.2974
dame N(soort,mv,basis)	22854	391634506	73.3016
aanvankelijk ADJ(vrij,basis,zonder)	22845	391657351	73.3059
vergeten WW(vd,vrij,zonder)	22835	391680186	73.3102
kern N(soort,ev,basis,zijd,stan)	22802	391702988	73.3145
ogenblik N(soort,ev,basis,onz,stan)	22770	391725758	73.3187
eruit BW()	22750	391748508	73.323
duur ADJ(vrij,basis,zonder)	22744	391771252	73.3272
lukken WW(pv,tgw,met-t)	22731	391793983	73.3315
vertellen WW(pv,verl,ev)	22728	391816711	73.3357
eiland N(soort,ev,basis,onz,stan)	22720	391839431	73.34
zorg N(soort,ev,basis,zijd,stan)	22712	391862143	73.3442
vandaar BW()	22700	391884843	73.3485
wijzen WW(pv,tgw,met-t)	22697	391907540	73.3527
Open SPEC(deeleigen)	22691	391930231	73.357
kennen WW(pv,verl,ev)	22686	391952917	73.3612
combinatie N(soort,ev,basis,zijd,stan)	22669	391975586	73.3655
oorzaak N(soort,ev,basis,zijd,stan)	22659	391998245	73.3697
inhoud N(soort,ev,basis,zijd,stan)	22640	392020885	73.374
vrede N(soort,ev,basis,zijd,stan)	22623	392043508	73.3782
moeilijk ADJ(prenom,basis,met-e,stan)	22622	392066130	73.3824
helpen WW(pv,tgw,met-t)	22603	392088733	73.3867
noorden N(soort,ev,basis,onz,stan)	22598	392111331	73.3909
neus N(soort,ev,basis,zijd,stan)	22592	392133923	73.3951
Piet SPEC(deeleigen)	22592	392156515	73.3993
Japan SPEC(deeleigen)	22582	392179097	73.4036
hangen WW(inf,vrij,zonder)	22538	392201635	73.4078
steken WW(inf,vrij,zonder)	22533	392224168	73.412
9 TW(hoofd,prenom,stan)	22526	392246694	73.4162
vanmiddag BW()	22504	392269198	73.4204
computer N(soort,ev,basis,zijd,stan)	22487	392291685	73.4246
degelijk ADJ(vrij,basis,zonder)	22467	392314152	73.4288
fijn ADJ(vrij,basis,zonder)	22451	392336603	73.433
lachen WW(pv,tgw,met-t)	22447	392359050	73.4372
16 TW(hoofd,prenom,stan)	22422	392381472	73.4414
verkeerd ADJ(vrij,basis,zonder)	22396	392403868	73.4456
lachen WW(inf,vrij,zonder)	22393	392426261	73.4498
overlijden WW(vd,vrij,zonder)	22381	392448642	73.454
behandeling N(soort,ev,basis,zijd,stan)	22361	392471003	73.4582
woordvoerder N(soort,ev,basis,zijd,stan)	22357	392493360	73.4624
soldaat N(soort,mv,basis)	22352	392515712	73.4666
leggen WW(pv,verl,ev)	22350	392538062	73.4708
bouw N(soort,ev,basis,zijd,stan)	22314	392560376	73.4749
betrekking N(soort,ev,basis,zijd,stan)	22303	392582679	73.4791
post N(soort,ev,basis,zijd,stan)	22301	392604980	73.4833
Kevin SPEC(deeleigen)	22297	392627277	73.4875
vlucht N(soort,ev,basis,zijd,stan)	22289	392649566	73.4916
Kim SPEC(deeleigen)	22279	392671845	73.4958
avond N(soort,ev,basis,gen)	22257	392694102	73.5
duren WW(pv,tgw,met-t)	22241	392716343	73.5041
onderneming N(soort,mv,basis)	22225	392738568	73.5083
ineens BW()	22210	392760778	73.5124
oprichten WW(vd,vrij,zonder)	22192	392782970	73.5166
gemiddeld ADJ(prenom,basis,met-e,stan)	22152	392805122	73.5207
beslissen WW(vd,vrij,zonder)	22141	392827263	73.5249
noodzakelijk ADJ(vrij,basis,zonder)	22108	392849371	73.529
Vlaams SPEC(deeleigen)	22106	392871477	73.5332
belgisch ADJ(prenom,basis,zonder)	22096	392893573	73.5373
Waregem SPEC(deeleigen)	22081	392915654	73.5414
model N(soort,ev,basis,onz,stan)	22056	392937710	73.5456
zorg N(soort,mv,basis)	22042	392959752	73.5497
traditioneel ADJ(prenom,basis,met-e,stan)	22034	392981786	73.5538
beide VNW(onbep,grad,stan,nom,met-e,mv-n,basis)	22030	393003816	73.5579
carriè N(soort,ev,basis,zijd,stan)	22014	393025830	73.562
oud ADJ(prenom,comp,met-e,stan)	22004	393047834	73.5662
grens N(soort,mv,basis)	22000	393069834	73.5703
vergeten WW(inf,vrij,zonder)	21982	393091816	73.5744
1997 TW(hoofd,vrij)	21956	393113772	73.5785
500 TW(hoofd,prenom,stan)	21953	393135725	73.5826
winnaar N(soort,ev,basis,zijd,stan)	21950	393157675	73.5867
telefoon N(soort,ev,basis,zijd,stan)	21946	393179621	73.5908
hoek N(soort,ev,basis,zijd,stan)	21921	393201542	73.5949
recent ADJ(prenom,basis,met-e,stan)	21918	393223460	73.599
veilig ADJ(vrij,basis,zonder)	21897	393245357	73.6031
hoi N(soort,ev,basis,zijd,stan)	21892	393267249	73.6072
voort BW()	21883	393289132	73.6113
bescherming N(soort,ev,basis,zijd,stan)	21875	393311007	73.6154
spoor N(soort,ev,basis,onz,stan)	21858	393332865	73.6195
vormen WW(pv,tgw,met-t)	21849	393354714	73.6236
gemeenteraad N(soort,ev,basis,zijd,stan)	21836	393376550	73.6277
80 TW(hoofd,prenom,stan)	21833	393398383	73.6318
Limburg SPEC(deeleigen)	21811	393420194	73.6359
vreemd ADJ(vrij,basis,zonder)	21799	393441993	73.6399
elders BW()	21768	393463761	73.644
gezien VZ(init)	21754	393485515	73.6481
project N(soort,mv,basis)	21740	393507255	73.6522
restaurant N(soort,ev,basis,onz,stan)	21723	393528978	73.6562
sluiten WW(pv,tgw,ev)	21716	393550694	73.6603
verjaardag N(soort,ev,basis,zijd,stan)	21710	393572404	73.6643
tonen WW(inf,vrij,zonder)	21669	393594073	73.6684
warm ADJ(vrij,basis,zonder)	21664	393615737	73.6725
afsluiten WW(vd,vrij,zonder)	21651	393637388	73.6765
spel WW(pv,tgw,mv)	21644	393659032	73.6806
vrijwel BW()	21635	393680667	73.6846
lijken WW(pv,tgw,mv)	21614	393702281	73.6887
meerder VNW(onbep,det,stan,prenom,met-e,mv)	21582	393723863	73.6927
duren WW(inf,vrij,zonder)	21579	393745442	73.6967
laten WW(pv,verl,mv)	21572	393767014	73.7008
est SPEC(vreemd)	21564	393788578	73.7048
zelden BW()	21549	393810127	73.7088
keer N(soort,mv,basis)	21546	393831673	73.7129
dagelijks ADJ(vrij,basis,zonder)	21546	393853219	73.7169
hof N(soort,ev,basis,onz,stan)	21540	393874759	73.7209
betalen WW(pv,tgw,met-t)	21514	393896273	73.725
tevens BW()	21482	393917755	73.729
voorstellen WW(inf,vrij,zonder)	21469	393939224	73.733
35 TW(hoofd,prenom,stan)	21464	393960688	73.737
reageren WW(pv,tgw,met-t)	21440	393982128	73.741
bewijs N(soort,ev,basis,onz,stan)	21413	394003541	73.745
bellen WW(inf,vrij,zonder)	21413	394024954	73.7491
Aalst SPEC(deeleigen)	21387	394046341	73.7531
stelen WW(vd,vrij,zonder)	21383	394067724	73.7571
instelling N(soort,mv,basis)	21363	394089087	73.7611
verdwijnen WW(vd,vrij,zonder)	21361	394110448	73.7651
idee N(soort,mv,basis)	21361	394131809	73.7691
stuk N(soort,ev,dim,onz,stan)	21359	394153168	73.773
hotel N(soort,ev,basis,onz,stan)	21351	394174519	73.777
rechtstreeks ADJ(vrij,basis,zonder)	21344	394195863	73.781
werkelijkheid N(soort,ev,basis,zijd,stan)	21327	394217190	73.785
bef N(soort,ev,basis,zijd,stan)	21324	394238514	73.789
al VNW(onbep,det,stan,nom,met-e,mv-n)	21316	394259830	73.793
kopen WW(vd,vrij,zonder)	21314	394281144	73.797
gelegenheid N(soort,ev,basis,zijd,stan)	21307	394302451	73.801
slaan WW(inf,vrij,zonder)	21279	394323730	73.805
prima ADJ(vrij,basis,zonder)	21274	394345004	73.809
zorgen WW(pv,verl,ev)	21260	394366264	73.8129
beschikbaar ADJ(vrij,basis,zonder)	21220	394387484	73.8169
Tour SPEC(deeleigen)	21214	394408698	73.8209
verbinden WW(vd,vrij,zonder)	21213	394429911	73.8248
middel N(soort,ev,basis,onz,stan)	21186	394451097	73.8288
laag ADJ(prenom,basis,met-e,stan)	21178	394472275	73.8328
selectie N(soort,ev,basis,zijd,stan)	21174	394493449	73.8367
zen WW(pv,tgw,ev)	21173	394514622	73.8407
17 TW(hoofd,prenom,stan)	21170	394535792	73.8447
toestand N(soort,ev,basis,zijd,stan)	21137	394556929	73.8486
podium N(soort,ev,basis,onz,stan)	21098	394578027	73.8526
werk N(soort,mv,basis)	21097	394599124	73.8565
onderneming N(soort,ev,basis,zijd,stan)	21096	394620220	73.8605
Fortis SPEC(deeleigen)	21094	394641314	73.8644
generatie N(soort,ev,basis,zijd,stan)	21088	394662402	73.8684
aanval N(soort,ev,basis,zijd,stan)	21083	394683485	73.8723
serie N(soort,ev,basis,zijd,stan)	21082	394704567	73.8763
gerecht N(soort,ev,basis,onz,stan)	21076	394725643	73.8802
vergadering N(soort,ev,basis,zijd,stan)	21072	394746715	73.8841
zes TW(hoofd,vrij)	21059	394767774	73.8881
regelen WW(vd,vrij,zonder)	21051	394788825	73.892
my SPEC(vreemd)	21036	394809861	73.896
begroting N(soort,ev,basis,zijd,stan)	21030	394830891	73.8999
duizend N(soort,mv,basis)	21027	394851918	73.9038
Willem SPEC(deeleigen)	21011	394872929	73.9078
keer N(soort,ev,basis,genus,stan)	20975	394893904	73.9117
gouden ADJ(prenom,basis,zonder)	20975	394914879	73.9156
afscheid N(soort,ev,basis,onz,stan)	20962	394935841	73.9195
minuut N(soort,ev,basis,zijd,stan)	20954	394956795	73.9235
300 TW(hoofd,prenom,stan)	20947	394977742	73.9274
vallen WW(pv,verl,mv)	20922	394998664	73.9313
vijf TW(rang,prenom,stan)	20914	395019578	73.9352
slot N(soort,ev,basis,onz,stan)	20899	395040477	73.9391
begrijpen WW(inf,vrij,zonder)	20899	395061376	73.943
Janssens SPEC(deeleigen)	20894	395082270	73.9469
bevatten WW(pv,tgw,ev)	20886	395103156	73.9509
afkomstig ADJ(vrij,basis,zonder)	20882	395124038	73.9548
24 TW(hoofd,prenom,stan)	20879	395144917	73.9587
70 TW(hoofd,prenom,stan)	20876	395165793	73.9626
4 SPEC(symb)	20864	395186657	73.9665
sterk ADJ(vrij,comp,zonder)	20854	395207511	73.9704
acht TW(hoofd,vrij)	20853	395228364	73.9743
aanslag N(soort,ev,basis,zijd,stan)	20851	395249215	73.9782
oppositie N(soort,ev,basis,zijd,stan)	20849	395270064	73.9821
pakken WW(pv,tgw,met-t)	20834	395290898	73.986
groen ADJ(nom,basis,zonder,zonder-n)	20832	395311730	73.9899
A SPEC(symb)	20823	395332553	73.9938
besluiten WW(pv,verl,ev)	20817	395353370	73.9977
uitleg N(soort,ev,basis,zijd,stan)	20804	395374174	74.0016
Yves SPEC(deeleigen)	20804	395394978	74.0055
commercieel ADJ(prenom,basis,met-e,stan)	20799	395415777	74.0094
thema N(soort,ev,basis,onz,stan)	20796	395436573	74.0133
papier N(soort,ev,basis,onz,stan)	20796	395457369	74.0172
vroeg ADJ(prenom,comp,met-e,stan)	20769	395478138	74.021
actie N(soort,mv,basis)	20765	395498903	74.0249
forum N(soort,ev,basis,onz,stan)	20755	395519658	74.0288
verkeerd ADJ(prenom,basis,met-e,stan)	20753	395540411	74.0327
ontvangen WW(vd,vrij,zonder)	20747	395561158	74.0366
Iran SPEC(deeleigen)	20742	395581900	74.0405
evenwel BW()	20741	395602641	74.0443
Afrika SPEC(deeleigen)	20716	395623357	74.0482
training N(soort,ev,basis,zijd,stan)	20697	395644054	74.0521
minister N(soort,mv,basis)	20694	395664748	74.056
pers N(soort,ev,basis,zijd,stan)	20685	395685433	74.0598
C8 SPEC(deeleigen)	20669	395706102	74.0637
organiseren WW(pv,tgw,met-t)	20666	395726768	74.0676
ver ADJ(prenom,comp,met-e,stan)	20657	395747425	74.0714
laag ADJ(vrij,comp,zonder)	20657	395768082	74.0753
snel ADJ(prenom,basis,met-e,stan)	20639	395788721	74.0792
mogen WW(pv,verl,mv)	20635	395809356	74.083
baby N(soort,ev,basis,zijd,stan)	20618	395829974	74.0869
leiden WW(pv,verl,ev)	20614	395850588	74.0908
Eric SPEC(deeleigen)	20610	395871198	74.0946
thuisploeg N(soort,ev,basis,zijd,stan)	20608	395891806	74.0985
is SPEC(vreemd)	20597	395912403	74.1023
dief N(soort,mv,basis)	20577	395932980	74.1062
snelheid N(soort,ev,basis,zijd,stan)	20555	395953535	74.11
Maria SPEC(deeleigen)	20551	395974086	74.1139
duizend TW(hoofd,prenom,stan)	20546	395994632	74.1177
ach TSW()	20513	396015145	74.1216
roman N(soort,ev,basis,zijd,stan)	20504	396035649	74.1254
deur N(soort,mv,basis)	20499	396056148	74.1292
plaatselijk ADJ(prenom,basis,met-e,stan)	20485	396076633	74.1331
baseren WW(vd,vrij,zonder)	20450	396097083	74.1369
baan N(soort,mv,basis)	20439	396117522	74.1407
organisatie N(soort,mv,basis)	20438	396137960	74.1445
wijk N(soort,ev,basis,zijd,stan)	20424	396158384	74.1484
stellen WW(pv,tgw,mv)	20410	396178794	74.1522
klacht N(soort,ev,basis,zijd,stan)	20382	396199176	74.156
kandidaat N(soort,ev,basis,zijd,stan)	20354	396219530	74.1598
organiseren WW(vd,vrij,zonder)	20346	396239876	74.1636
< LET()	20344	396260220	74.1674
wapen N(soort,mv,basis)	20324	396280544	74.1712
operatie N(soort,ev,basis,zijd,stan)	20318	396300862	74.175
tegenstelling N(soort,ev,basis,zijd,stan)	20316	396321178	74.1788
ontstaan WW(vd,vrij,zonder)	20312	396341490	74.1826
achteraf BW()	20299	396361789	74.1864
israëlisch ADJ(prenom,basis,met-e,stan)	20297	396382086	74.1902
afhankelijk ADJ(vrij,basis,zonder)	20294	396402380	74.194
blijven WW(pv,verl,mv)	20289	396422669	74.1978
J. SPEC(deeleigen)	20286	396442955	74.2016
anderzijds BW()	20275	396463230	74.2054
milieu N(soort,ev,basis,onz,stan)	20271	396483501	74.2092
verwachten WW(inf,vrij,zonder)	20265	396503766	74.213
vergeten WW(pv,tgw,ev)	20260	396524026	74.2168
voortdurend ADJ(vrij,basis,zonder)	20252	396544278	74.2206
interessant ADJ(vrij,basis,zonder)	20246	396564524	74.2244
winkel N(soort,mv,basis)	20243	396584767	74.2282
verbieden WW(vd,vrij,zonder)	20241	396605008	74.232
internationaal ADJ(prenom,basis,zonder)	20238	396625246	74.2357
doelpunt N(soort,ev,basis,onz,stan)	20231	396645477	74.2395
straf N(soort,ev,basis,zijd,stan)	20227	396665704	74.2433
been N(soort,mv,basis)	20213	396685917	74.2471
drug N(soort,mv,basis)	20203	396706120	74.2509
band N(soort,mv,basis)	20188	396726308	74.2547
oppervlakte N(soort,ev,basis,zijd,stan)	20187	396746495	74.2584
luisteren WW(inf,vrij,zonder)	20178	396766673	74.2622
gesprek N(soort,mv,basis)	20177	396786850	74.266
arm N(soort,mv,basis)	20168	396807018	74.2698
B SPEC(symb)	20160	396827178	74.2735
franstalig ADJ(prenom,basis,met-e,stan)	20156	396847334	74.2773
bericht N(soort,ev,basis,onz,stan)	20151	396867485	74.2811
lied N(soort,ev,dim,onz,stan)	20131	396887616	74.2849
relatief ADJ(vrij,basis,zonder)	20130	396907746	74.2886
tien TW(hoofd,vrij)	20127	396927873	74.2924
kennen WW(pv,tgw,mv)	20119	396947992	74.2962
weg N(soort,mv,basis)	20117	396968109	74.2999
flink ADJ(vrij,basis,zonder)	20116	396988225	74.3037
bewijzen WW(inf,vrij,zonder)	20108	397008333	74.3074
vorm N(soort,mv,basis)	20101	397028434	74.3112
beschouwen WW(vd,vrij,zonder)	20100	397048534	74.315
gevallen WW(vd,vrij,zonder)	20076	397068610	74.3187
ploeg N(soort,mv,basis)	20075	397088685	74.3225
bekijken WW(inf,vrij,zonder)	20071	397108756	74.3262
betreffende VZ(init)	20062	397128818	74.33
spits N(soort,ev,basis,zijd,stan)	20052	397148870	74.3338
zodra VG(onder)	20050	397168920	74.3375
redactie N(soort,ev,basis,zijd,stan)	20038	397188958	74.3413
Louis SPEC(deeleigen)	20036	397208994	74.345
gast N(soort,mv,basis)	19995	397228989	74.3487
EUR SPEC(symb)	19962	397248951	74.3525
olie N(soort,ev,basis,zijd,stan)	19960	397268911	74.3562
zullen WW(pv,tgw,met-t)	19940	397288851	74.36
Verhofstadt SPEC(deeleigen)	19939	397308790	74.3637
oud ADJ(prenom,basis,zonder)	19932	397328722	74.3674
speciaal ADJ(vrij,basis,zonder)	19921	397348643	74.3711
N-VA SPEC(deeleigen)	19915	397368558	74.3749
weliswaar BW()	19912	397388470	74.3786
bepaling N(soort,mv,basis)	19902	397408372	74.3823
Engels SPEC(deeleigen)	19896	397428268	74.386
prachtig ADJ(prenom,basis,met-e,stan)	19895	397448163	74.3898
half ADJ(vrij,basis,zonder)	19885	397468048	74.3935
zeven TW(hoofd,vrij)	19878	397487926	74.3972
onderdeel N(soort,ev,basis,onz,stan)	19869	397507795	74.4009
interview N(soort,ev,basis,onz,stan)	19863	397527658	74.4046
nieuw ADJ(vrij,basis,zonder)	19850	397547508	74.4084
f N(soort,ev,basis,zijd,stan)	19850	397567358	74.4121
gerust ADJ(vrij,basis,zonder)	19840	397587198	74.4158
netwerk N(soort,ev,basis,onz,stan)	19820	397607018	74.4195
erg ADJ(vrij,comp,zonder)	19783	397626801	74.4232
:P SPEC(symb)	19768	397646569	74.4269
ofzo BW()	19761	397666330	74.4306
zak N(soort,ev,basis,zijd,stan)	19760	397686090	74.4343
Jezus SPEC(deeleigen)	19755	397705845	74.438
bijdrage N(soort,ev,basis,zijd,stan)	19750	397725595	74.4417
bod N(soort,ev,basis,onz,stan)	19722	397745317	74.4454
that SPEC(vreemd)	19721	397765038	74.4491
leveren WW(inf,vrij,zonder)	19706	397784744	74.4528
blik N(soort,ev,basis,zijd,stan)	19699	397804443	74.4565
toevallig ADJ(vrij,basis,zonder)	19688	397824131	74.4601
i SPEC(symb)	19647	397843778	74.4638
geest N(soort,ev,basis,zijd,stan)	19647	397863425	74.4675
eén TW(hoofd,prenom,stan)	19642	397883067	74.4712
slaan WW(pv,verl,ev)	19640	397902707	74.4748
?? LET()	19640	397922347	74.4785
procedure N(soort,ev,basis,zijd,stan)	19621	397941968	74.4822
plaats N(soort,ev,basis,dat)	19613	397961581	74.4859
oud ADJ(vrij,comp,zonder)	19612	397981193	74.4895
tenslotte BW()	19599	398000792	74.4932
1993 TW(hoofd,vrij)	19595	398020387	74.4969
vormen WW(pv,tgw,mv)	19563	398039950	74.5005
visie N(soort,ev,basis,zijd,stan)	19554	398059504	74.5042
vijftig TW(hoofd,prenom,stan)	19547	398079051	74.5079
1992 TW(hoofd,vrij)	19540	398098591	74.5115
seconde N(soort,mv,basis)	19520	398118111	74.5152
11 TW(hoofd,prenom,stan)	19519	398137630	74.5188
Afghanistan SPEC(deeleigen)	19513	398157143	74.5225
komst N(soort,ev,basis,zijd,stan)	19501	398176644	74.5261
allebei VNW(onbep,det,stan,vrij,zonder)	19468	398196112	74.5298
vervoer N(soort,ev,basis,onz,stan)	19467	398215579	74.5334
uitbreiding N(soort,ev,basis,zijd,stan)	19465	398235044	74.537
vaak BW()	19453	398254497	74.5407
zo. N(soort,ev,basis,onz,stan)	19423	398273920	74.5443
boom N(soort,mv,basis)	19397	398293317	74.548
betekenis N(soort,ev,basis,zijd,stan)	19366	398312683	74.5516
Mark SPEC(deeleigen)	19354	398332037	74.5552
houding N(soort,ev,basis,zijd,stan)	19346	398351383	74.5588
fase N(soort,ev,basis,zijd,stan)	19343	398370726	74.5624
programma N(soort,mv,basis)	19339	398390065	74.5661
13 TW(hoofd,prenom,stan)	19328	398409393	74.5697
vis N(soort,ev,basis,zijd,stan)	19316	398428709	74.5733
scoren WW(pv,verl,ev)	19302	398448011	74.5769
club N(soort,mv,basis)	19301	398467312	74.5805
waals ADJ(prenom,basis,met-e,stan)	19283	398486595	74.5841
fout N(soort,mv,basis)	19283	398505878	74.5877
au SPEC(vreemd)	19278	398525156	74.5913
hoofdpunt N(soort,mv,basis)	19234	398544390	74.5949
bepalen WW(vd,vrij,zonder)	19197	398563587	74.5985
glas N(soort,ev,basis,onz,stan)	19189	398582776	74.6021
specifiek ADJ(prenom,basis,met-e,stan)	19188	398601964	74.6057
vertrek N(soort,ev,basis,onz,stan)	19171	398621135	74.6093
Groot-Brittannië SPEC(deeleigen)	19165	398640300	74.6129
medisch ADJ(prenom,basis,met-e,stan)	19162	398659462	74.6165
belangstelling N(soort,ev,basis,zijd,stan)	19161	398678623	74.6201
vliegtuig N(soort,ev,basis,onz,stan)	19144	398697767	74.6237
enig ADJ(nom,basis,met-e,zonder-n,stan)	19137	398716904	74.6272
behoren WW(pv,tgw,met-t)	19134	398736038	74.6308
aanslag N(soort,mv,basis)	19133	398755171	74.6344
militair N(soort,mv,basis)	19123	398774294	74.638
with SPEC(vreemd)	19110	398793404	74.6416
oprichting N(soort,ev,basis,zijd,stan)	19098	398812502	74.6451
Willy SPEC(deeleigen)	19091	398831593	74.6487
schepen N(soort,ev,basis,zijd,stan)	19089	398850682	74.6523
passen WW(inf,vrij,zonder)	19081	398869763	74.6558
dragen WW(pv,tgw,met-t)	19072	398888835	74.6594
islam N(soort,ev,basis,zijd,stan)	19057	398907892	74.663
waard N(soort,mv,basis)	19050	398926942	74.6665
gast N(soort,ev,basis,zijd,stan)	19039	398945981	74.6701
leggen WW(vd,vrij,zonder)	19034	398965015	74.6737
sindsdien BW()	19019	398984034	74.6772
talent N(soort,ev,basis,onz,stan)	19006	399003040	74.6808
VVD SPEC(deeleigen)	18990	399022030	74.6843
gezondheid N(soort,ev,basis,zijd,stan)	18988	399041018	74.6879
eventueel ADJ(vrij,basis,zonder)	18979	399059997	74.6915
behoorlijk ADJ(vrij,basis,zonder)	18976	399078973	74.695
stijging N(soort,ev,basis,zijd,stan)	18975	399097948	74.6986
jaarlijks ADJ(prenom,basis,met-e,stan)	18975	399116923	74.7021
cultureel ADJ(prenom,basis,met-e,stan)	18931	399135854	74.7057
dreigen WW(pv,tgw,met-t)	18881	399154735	74.7092
draaien WW(inf,vrij,zonder)	18865	399173600	74.7127
fout N(soort,ev,basis,zijd,stan)	18816	399192416	74.7162
CDA SPEC(deeleigen)	18815	399211231	74.7198
André SPEC(deeleigen)	18813	399230044	74.7233
set N(soort,ev,basis,zijd,stan)	18811	399248855	74.7268
bezit N(soort,ev,basis,onz,stan)	18794	399267649	74.7303
besluiten WW(vd,vrij,zonder)	18791	399286440	74.7338
krant N(soort,mv,basis)	18790	399305230	74.7374
reageren WW(inf,vrij,zonder)	18748	399323978	74.7409
agenda N(soort,ev,basis,zijd,stan)	18747	399342725	74.7444
be SPEC(vreemd)	18746	399361471	74.7479
weten WW(pv,verl,mv)	18741	399380212	74.7514
kind N(soort,ev,dim,onz,stan)	18740	399398952	74.7549
stappen WW(inf,vrij,zonder)	18739	399417691	74.7584
menen WW(pv,tgw,met-t)	18713	399436404	74.7619
werkelijk ADJ(vrij,basis,zonder)	18712	399455116	74.7654
roepen WW(pv,tgw,met-t)	18702	399473818	74.7689
KV SPEC(deeleigen)	18700	399492518	74.7724
bestaan WW(pv,verl,ev)	18699	399511217	74.7759
Stijn SPEC(deeleigen)	18685	399529902	74.7794
90 TW(hoofd,prenom,stan)	18673	399548575	74.7829
Filip SPEC(deeleigen)	18669	399567244	74.7864
vallen WW(pv,tgw,mv)	18659	399585903	74.7899
liggen WW(vd,vrij,zonder)	18639	399604542	74.7934
02 SPEC(symb)	18638	399623180	74.7969
50 TW(hoofd,vrij)	18634	399641814	74.8004
uitvoering N(soort,ev,basis,zijd,stan)	18631	399660445	74.8038
aanwezigheid N(soort,ev,basis,zijd,stan)	18631	399679076	74.8073
prive ADJ(prenom,basis,met-e,stan)	18619	399697695	74.8108
datum N(soort,ev,basis,zijd,stan)	18611	399716306	74.8143
1991 TW(hoofd,vrij)	18608	399734914	74.8178
honderd N(soort,mv,basis)	18602	399753516	74.8213
patiënt N(soort,mv,basis)	18597	399772113	74.8247
praten WW(pv,tgw,ev)	18565	399790678	74.8282
gents ADJ(prenom,basis,met-e,stan)	18563	399809241	74.8317
1990 TW(hoofd,vrij)	18557	399827798	74.8352
manager N(soort,ev,basis,zijd,stan)	18537	399846335	74.8386
kiezen WW(pv,tgw,met-t)	18536	399864871	74.8421
Het SPEC(deeleigen)	18531	399883402	74.8456
kwart N(soort,ev,basis,onz,stan)	18527	399901929	74.849
topic N(soort,ev,basis,zijd,stan)	18486	399920415	74.8525
brug N(soort,ev,basis,zijd,stan)	18469	399938884	74.856
koningin N(soort,ev,basis,zijd,stan)	18466	399957350	74.8594
zoeken WW(vd,vrij,zonder)	18461	399975811	74.8629
benieuwd ADJ(vrij,basis,zonder)	18459	399994270	74.8663
verzoek N(soort,ev,basis,onz,stan)	18450	400012720	74.8698
bericht N(soort,mv,basis)	18448	400031168	74.8732
dans N(soort,ev,basis,zijd,stan)	18446	400049614	74.8767
ton N(soort,ev,basis,zijd,stan)	18444	400068058	74.8801
starten WW(inf,vrij,zonder)	18441	400086499	74.8836
winter N(soort,ev,basis,zijd,stan)	18435	400104934	74.887
stof N(soort,ev,basis,zijd,stan)	18434	400123368	74.8905
redelijk ADJ(vrij,basis,zonder)	18430	400141798	74.8939
rood ADJ(vrij,basis,zonder)	18428	400160226	74.8974
auteur N(soort,ev,basis,zijd,stan)	18422	400178648	74.9008
vijf TW(hoofd,vrij)	18407	400197055	74.9043
hallo SPEC(vreemd)	18395	400215450	74.9077
pagina N(soort,ev,basis,zijd,stan)	18383	400233833	74.9112
editie N(soort,ev,basis,zijd,stan)	18366	400252199	74.9146
vannacht BW()	18358	400270557	74.918
blijven WW(vd,vrij,zonder)	18357	400288914	74.9215
redden WW(inf,vrij,zonder)	18331	400307245	74.9249
voorkeur N(soort,ev,basis,zijd,stan)	18312	400325557	74.9283
seks N(soort,ev,basis,zijd,stan)	18308	400343865	74.9318
George SPEC(deeleigen)	18304	400362169	74.9352
warm ADJ(prenom,basis,met-e,stan)	18289	400380458	74.9386
vermoorden WW(vd,vrij,zonder)	18262	400398720	74.942
troep N(soort,mv,basis)	18261	400416981	74.9454
provinciaal ADJ(prenom,basis,met-e,stan)	18261	400435242	74.9489
lot N(soort,ev,basis,onz,stan)	18255	400453497	74.9523
rijden WW(pv,tgw,met-t)	18243	400471740	74.9557
boom N(soort,ev,basis,zijd,stan)	18242	400489982	74.9591
voorstelling N(soort,ev,basis,zijd,stan)	18237	400508219	74.9625
Sorry SPEC(vreemd)	18235	400526454	74.9659
gemeenschap N(soort,mv,basis)	18226	400544680	74.9693
palestijns ADJ(prenom,basis,met-e,stan)	18221	400562901	74.9727
zwart ADJ(vrij,basis,zonder)	18216	400581117	74.9762
zus N(soort,ev,basis,zijd,stan)	18206	400599323	74.9796
Martin SPEC(deeleigen)	18206	400617529	74.983
moe ADJ(vrij,basis,zonder)	18202	400635731	74.9864
westen N(soort,ev,basis,onz,stan)	18195	400653926	74.9898
standpunt N(soort,ev,basis,onz,stan)	18188	400672114	74.9932
papa N(soort,ev,basis,zijd,stan)	18166	400690280	74.9966
Philippe SPEC(deeleigen)	18164	400708444	75
droom N(soort,ev,basis,zijd,stan)	18159	400726603	75.0034
Chris SPEC(deeleigen)	18152	400744755	75.0068
qua VZ(init)	18146	400762901	75.0102
19 TW(hoofd,prenom,stan)	18140	400781041	75.0136
kleed N(soort,mv,basis)	18136	400799177	75.017
150 TW(hoofd,prenom,stan)	18113	400817290	75.0204
menselijk ADJ(prenom,basis,met-e,stan)	18108	400835398	75.0238
tekort N(soort,ev,basis,onz,stan)	18096	400853494	75.0271
tekst N(soort,mv,basis)	18089	400871583	75.0305
joods ADJ(prenom,basis,met-e,stan)	18084	400889667	75.0339
definitief ADJ(vrij,basis,zonder)	18077	400907744	75.0373
vooraf BW()	18045	400925789	75.0407
mn SPEC(afk)	18024	400943813	75.044
reclame N(soort,ev,basis,zijd,stan)	18023	400961836	75.0474
vermoedelijk ADJ(vrij,basis,zonder)	18019	400979855	75.0508
zicht N(soort,ev,basis,onz,stan)	17984	400997839	75.0542
hetzelfde ADJ(nom,basis,zonder,zonder-n)	17982	401015821	75.0575
d SPEC(symb)	17980	401033801	75.0609
01 SPEC(symb)	17976	401051777	75.0643
investering N(soort,mv,basis)	17972	401069749	75.0676
letterlijk ADJ(vrij,basis,zonder)	17955	401087704	75.071
sorry SPEC(vreemd)	17914	401105618	75.0743
Belg SPEC(deeleigen)	17892	401123510	75.0777
goud N(soort,ev,basis,onz,stan)	17877	401141387	75.081
link N(soort,ev,basis,zijd,stan)	17874	401159261	75.0844
show N(soort,ev,basis,zijd,stan)	17873	401177134	75.0877
Spelen SPEC(deeleigen)	17868	401195002	75.0911
japans ADJ(prenom,basis,met-e,stan)	17865	401212867	75.0944
vzw N(soort,ev,basis,zijd,stan)	17861	401230728	75.0977
Lokeren SPEC(deeleigen)	17856	401248584	75.1011
Jos SPEC(deeleigen)	17848	401266432	75.1044
waarna BW()	17846	401284278	75.1078
twijfel N(soort,ev,basis,zijd,stan)	17825	401302103	75.1111
k N(soort,ev,basis,zijd,stan)	17820	401319923	75.1144
eten WW(pv,verl,ev)	17819	401337742	75.1178
letten WW(vd,vrij,zonder)	17807	401355549	75.1211
Eddy SPEC(deeleigen)	17799	401373348	75.1244
sturen WW(vd,vrij,zonder)	17797	401391145	75.1278
professor N(soort,ev,basis,zijd,stan)	17795	401408940	75.1311
gezin N(soort,mv,basis)	17792	401426732	75.1344
gedacht N(soort,mv,basis)	17765	401444497	75.1378
jarenlang ADJ(vrij,basis,zonder)	17763	401462260	75.1411
voorstellen WW(vd,vrij,zonder)	17751	401480011	75.1444
kwaad ADJ(vrij,basis,zonder)	17737	401497748	75.1477
vertrekken WW(inf,vrij,zonder)	17736	401515484	75.151
schip N(soort,ev,basis,onz,stan)	17722	401533206	75.1544
teken N(soort,ev,basis,onz,stan)	17715	401550921	75.1577
veertig TW(hoofd,prenom,stan)	17697	401568618	75.161
digitaal ADJ(prenom,basis,met-e,stan)	17689	401586307	75.1643
inzet N(soort,ev,basis,zijd,stan)	17684	401603991	75.1676
individueel ADJ(prenom,basis,met-e,stan)	17674	401621665	75.1709
geloof N(soort,ev,basis,onz,stan)	17674	401639339	75.1742
motor N(soort,ev,basis,zijd,stan)	17664	401657003	75.1775
vermijden WW(inf,vrij,zonder)	17663	401674666	75.1808
<p> SPEC(symb)	17662	401692328	75.1841
inkomst N(soort,mv,basis)	17642	401709970	75.1874
laag ADJ(prenom,comp,met-e,stan)	17637	401727607	75.1907
negatief ADJ(prenom,basis,met-e,stan)	17634	401745241	75.194
regionaal ADJ(prenom,basis,met-e,stan)	17629	401762870	75.1973
eten N(soort,ev,basis,onz,stan)	17619	401780489	75.2006
vermogen N(soort,ev,basis,onz,stan)	17615	401798104	75.2039
nederlaag N(soort,ev,basis,zijd,stan)	17607	401815711	75.2072
de VNW(pers,pron,dial)	17591	401833302	75.2105
voornamelijk ADJ(vrij,basis,zonder)	17590	401850892	75.2138
EEG SPEC(deeleigen)	17571	401868463	75.2171
mekaar VNW(recip,pron,obl,vol,persoon,mv)	17567	401886030	75.2204
eten WW(pv,tgw,ev)	17558	401903588	75.2237
beginnen WW(pv,tgw,mv)	17552	401921140	75.227
verdienen WW(pv,tgw,met-t)	17551	401938691	75.2303
tegenstander N(soort,ev,basis,zijd,stan)	17548	401956239	75.2335
commissaris N(soort,ev,basis,zijd,stan)	17548	401973787	75.2368
beperken WW(vd,vrij,zonder)	17527	401991314	75.2401
traditie N(soort,ev,basis,zijd,stan)	17526	402008840	75.2434
Polen SPEC(deeleigen)	17503	402026343	75.2467
Sven SPEC(deeleigen)	17481	402043824	75.2499
goedkeuren WW(vd,vrij,zonder)	17479	402061303	75.2532
conflict N(soort,ev,basis,onz,stan)	17461	402078764	75.2565
India SPEC(deeleigen)	17437	402096201	75.2597
omhoog BW()	17431	402113632	75.263
interesse N(soort,ev,basis,zijd,stan)	17430	402131062	75.2663
slagen WW(vd,vrij,zonder)	17425	402148487	75.2695
ruzie N(soort,ev,basis,zijd,stan)	17425	402165912	75.2728
eis N(soort,mv,basis)	17414	402183326	75.276
z'n VNW(bez,det,stan,red,3,ev,prenom,zonder,agr)	17398	402200724	75.2793
literatuur N(soort,ev,basis,zijd,stan)	17395	402218119	75.2826
40 TW(hoofd,vrij)	17393	402235512	75.2858
uitzondering N(soort,ev,basis,zijd,stan)	17380	402252892	75.2891
bier N(soort,ev,basis,onz,stan)	17370	402270262	75.2923
moment N(soort,mv,basis)	17368	402287630	75.2956
straat N(soort,mv,basis)	17346	402304976	75.2988
belasting N(soort,mv,basis)	17326	402322302	75.3021
PS SPEC(deeleigen)	17320	402339622	75.3053
elk VNW(onbep,det,stan,vrij,zonder)	17303	402356925	75.3085
afspraak N(soort,ev,basis,zijd,stan)	17302	402374227	75.3118
kantoor N(soort,ev,basis,onz,stan)	17299	402391526	75.315
klacht N(soort,mv,basis)	17292	402408818	75.3182
TC SPEC(deeleigen)	17271	402426089	75.3215
jullie VNW(bez,det,stan,nadr,2v,mv,prenom,zonder,agr)	17270	402443359	75.3247
leren WW(vd,vrij,zonder)	17269	402460628	75.3279
Roger SPEC(deeleigen)	17241	402477869	75.3312
hiervoor BW()	17229	402495098	75.3344
trots ADJ(vrij,basis,zonder)	17227	402512325	75.3376
buur N(soort,mv,basis)	17212	402529537	75.3408
westers ADJ(prenom,basis,met-e,stan)	17204	402546741	75.3441
ongetwijfeld BW()	17204	402563945	75.3473
klein ADJ(prenom,comp,met-e,stan)	17204	402581149	75.3505
zeker ADJ(prenom,basis,met-e,stan)	17201	402598350	75.3537
partner N(soort,mv,basis)	17181	402615531	75.3569
natuurlijk ADJ(prenom,basis,met-e,stan)	17181	402632712	75.3602
tegelijkertijd BW()	17162	402649874	75.3634
gsm N(soort,ev,basis,zijd,stan)	17162	402667036	75.3666
mooi ADJ(prenom,sup,met-e,stan)	17153	402684189	75.3698
luisteren WW(pv,tgw,ev)	17150	402701339	75.373
raken WW(inf,vrij,zonder)	17142	402718481	75.3762
destijds ADJ(vrij,basis,zonder)	17141	402735622	75.3794
of SPEC(deeleigen)	17131	402752753	75.3826
theater N(soort,ev,basis,onz,stan)	17130	402769883	75.3858
wetenschap N(soort,ev,basis,zijd,stan)	17128	402787011	75.389
hemel N(soort,ev,basis,zijd,stan)	17125	402804136	75.3922
hiermee BW()	17122	402821258	75.3954
oud ADJ(prenom,sup,met-e,stan)	17103	402838361	75.3986
o TSW()	17101	402855462	75.4018
haast BW()	17100	402872562	75.405
vreemd ADJ(prenom,basis,met-e,stan)	17091	402889653	75.4082
goed N(soort,mv,basis)	17081	402906734	75.4114
ernstig ADJ(vrij,basis,zonder)	17079	402923813	75.4146
zijde N(soort,ev,basis,zijd,stan)	17071	402940884	75.4178
verdienen WW(inf,vrij,zonder)	17071	402957955	75.421
stadsbestuur N(soort,ev,basis,onz,stan)	17064	402975019	75.4242
concert N(soort,ev,basis,onz,stan)	17050	402992069	75.4274
fan N(soort,mv,basis)	17047	403009116	75.4306
hetzelfde ADJ(vrij,basis,zonder)	17039	403026155	75.4338
industrie N(soort,ev,basis,zijd,stan)	17038	403043193	75.437
voorbereiding N(soort,ev,basis,zijd,stan)	17032	403060225	75.4402
schoen N(soort,mv,basis)	17031	403077256	75.4434
raken WW(pv,tgw,met-t)	17022	403094278	75.4465
kleur N(soort,mv,basis)	17020	403111298	75.4497
'n N(soort,mv,basis)	17003	403128301	75.4529
belegger N(soort,mv,basis)	16990	403145291	75.4561
ontdekken WW(vd,vrij,zonder)	16988	403162279	75.4593
noemen WW(pv,verl,ev)	16986	403179265	75.4625
Boonen SPEC(deeleigen)	16984	403196249	75.4656
pakken WW(pv,verl,ev)	16983	403213232	75.4688
spelen WW(pv,verl,mv)	16964	403230196	75.472
voeren WW(pv,tgw,met-t)	16961	403247157	75.4752
geluid N(soort,ev,basis,onz,stan)	16961	403264118	75.4783
geweldig ADJ(vrij,basis,zonder)	16958	403281076	75.4815
Luik SPEC(deeleigen)	16956	403298032	75.4847
as N(soort,ev,basis,zijd,stan)	16955	403314987	75.4879
ambtenaar N(soort,mv,basis)	16955	403331942	75.491
been N(soort,ev,basis,onz,stan)	16950	403348892	75.4942
Pierre SPEC(deeleigen)	16942	403365834	75.4974
M. SPEC(deeleigen)	16938	403382772	75.5005
heerlijk ADJ(vrij,basis,zonder)	16929	403399701	75.5037
normaal ADJ(prenom,basis,met-e,stan)	16927	403416628	75.5069
tenzij VG(onder)	16926	403433554	75.51
conclusie N(soort,ev,basis,zijd,stan)	16918	403450472	75.5132
eventueel ADJ(prenom,basis,met-e,stan)	16917	403467389	75.5164
gevaarlijk ADJ(vrij,basis,zonder)	16912	403484301	75.5195
compleet ADJ(vrij,basis,zonder)	16911	403501212	75.5227
langzaam ADJ(vrij,basis,zonder)	16887	403518099	75.5259
adres N(soort,ev,basis,onz,stan)	16886	403534985	75.529
luchthaven N(soort,ev,basis,zijd,stan)	16885	403551870	75.5322
D. SPEC(deeleigen)	16884	403568754	75.5354
verandering N(soort,ev,basis,zijd,stan)	16873	403585627	75.5385
geleiden WW(vd,vrij,zonder)	16870	403602497	75.5417
Erik SPEC(deeleigen)	16864	403619361	75.5448
heer N(soort,mv,basis)	16857	403636218	75.548
22 TW(hoofd,prenom,stan)	16855	403653073	75.5511
leider N(soort,mv,basis)	16854	403669927	75.5543
zone N(soort,ev,basis,zijd,stan)	16849	403686776	75.5574
live ADJ(vrij,basis,zonder)	16840	403703616	75.5606
VRT SPEC(deeleigen)	16835	403720451	75.5637
regeling N(soort,ev,basis,zijd,stan)	16832	403737283	75.5669
vrouwelijk ADJ(prenom,basis,met-e,stan)	16820	403754103	75.57
eenvoudig ADJ(vrij,basis,zonder)	16815	403770918	75.5732
afspraak N(soort,mv,basis)	16807	403787725	75.5763
extern ADJ(prenom,basis,met-e,stan)	16804	403804529	75.5795
laag ADJ(vrij,basis,zonder)	16800	403821329	75.5826
ure N(soort,mv,basis)	16794	403838123	75.5858
Kris SPEC(deeleigen)	16793	403854916	75.5889
250 TW(hoofd,prenom,stan)	16772	403871688	75.592
lastig ADJ(vrij,basis,zonder)	16771	403888459	75.5952
behoefte N(soort,ev,basis,zijd,stan)	16770	403905229	75.5983
wagen N(soort,mv,basis)	16766	403921995	75.6015
lezen WW(pv,tgw,met-t)	16763	403938758	75.6046
snappen WW(pv,tgw,ev)	16761	403955519	75.6077
gezellig ADJ(vrij,basis,zonder)	16756	403972275	75.6109
instelling N(soort,ev,basis,zijd,stan)	16740	403989015	75.614
verdeeld WW(vd,vrij,zonder)	16731	404005746	75.6171
democratisch ADJ(prenom,basis,met-e,stan)	16722	404022468	75.6203
verdwijnen WW(inf,vrij,zonder)	16704	404039172	75.6234
grappig ADJ(vrij,basis,zonder)	16702	404055874	75.6265
waaraan BW()	16698	404072572	75.6296
verklaren WW(pv,verl,ev)	16692	404089264	75.6328
behouden WW(inf,vrij,zonder)	16689	404105953	75.6359
rand N(soort,ev,basis,zijd,stan)	16664	404122617	75.639
ongeluk N(soort,ev,basis,onz,stan)	16663	404139280	75.6421
onder VZ(fin)	16649	404155929	75.6453
35 TW(hoofd,vrij)	16642	404172571	75.6484
duidelijk ADJ(prenom,basis,met-e,stan)	16641	404189212	75.6515
out SPEC(vreemd)	16627	404205839	75.6546
onderweg BW()	16610	404222449	75.6577
klas N(soort,ev,basis,zijd,stan)	16608	404239057	75.6608
intern ADJ(prenom,basis,met-e,stan)	16592	404255649	75.6639
feit N(soort,ev,basis,dat)	16588	404272237	75.667
eer N(soort,ev,basis,zijd,stan)	16582	404288819	75.6701
21 TW(hoofd,prenom,stan)	16581	404305400	75.6732
vertellen WW(vd,vrij,zonder)	16571	404321971	75.6763
Hugo SPEC(deeleigen)	16561	404338532	75.6794
begrijpen WW(vd,vrij,zonder)	16554	404355086	75.6825
achtergrond N(soort,ev,basis,zijd,stan)	16553	404371639	75.6856
maximum N(soort,mv,basis)	16552	404388191	75.6887
islamitisch ADJ(prenom,basis,met-e,stan)	16540	404404731	75.6918
gemeentebestuur N(soort,ev,basis,onz,stan)	16540	404421271	75.6949
nummer N(soort,mv,basis)	16534	404437805	75.698
arbeider N(soort,mv,basis)	16533	404454338	75.7011
idd WW(vd,vrij,zonder)	16518	404470856	75.7042
absoluut ADJ(prenom,basis,met-e,stan)	16508	404487364	75.7073
ochtend N(soort,ev,basis,zijd,stan)	16507	404503871	75.7104
verschijnen WW(pv,verl,ev)	16503	404520374	75.7135
burger N(soort,ev,basis,zijd,stan)	16485	404536859	75.7165
kwartaal N(soort,ev,basis,onz,stan)	16482	404553341	75.7196
supporter N(soort,mv,basis)	16471	404569812	75.7227
staat N(soort,mv,basis)	16467	404586279	75.7258
communautair ADJ(prenom,basis,met-e,stan)	16453	404602732	75.7289
nood N(soort,ev,basis,zijd,stan)	16452	404619184	75.732
hopen WW(inf,vrij,zonder)	16405	404635589	75.735
sur SPEC(vreemd)	16388	404651977	75.7381
pensioen N(soort,ev,basis,onz,stan)	16382	404668359	75.7412
haven N(soort,ev,basis,zijd,stan)	16376	404684735	75.7442
Beveren SPEC(deeleigen)	16375	404701110	75.7473
missen WW(inf,vrij,zonder)	16370	404717480	75.7504
pak N(soort,ev,basis,onz,stan)	16368	404733848	75.7534
groeien WW(inf,vrij,zonder)	16368	404750216	75.7565
volop BW()	16320	404766536	75.7595
dl SPEC(symb)	16320	404782856	75.7626
Rome SPEC(deeleigen)	16319	404799175	75.7656
favoriet ADJ(prenom,basis,met-e,stan)	16313	404815488	75.7687
renner N(soort,mv,basis)	16304	404831792	75.7718
Turnhout SPEC(deeleigen)	16295	404848087	75.7748
sneeuw N(soort,ev,basis,zijd,stan)	16291	404864378	75.7779
genieten WW(pv,tgw,ev)	16280	404880658	75.7809
El SPEC(deeleigen)	16280	404896938	75.7839
€ SPEC(symb)	16266	404913204	75.787
indienen WW(vd,vrij,zonder)	16259	404929463	75.79
neen TSW()	16251	404945714	75.7931
veroorzaken WW(vd,vrij,zonder)	16248	404961962	75.7961
99 TW(hoofd,vrij)	16238	404978200	75.7992
verliezen WW(pv,tgw,met-t)	16236	404994436	75.8022
Ajax SPEC(deeleigen)	16233	405010669	75.8052
dader N(soort,ev,basis,zijd,stan)	16231	405026900	75.8083
gat N(soort,ev,basis,onz,stan)	16226	405043126	75.8113
slaap N(soort,ev,basis,zijd,stan)	16219	405059345	75.8143
aanpassen WW(vd,vrij,zonder)	16216	405075561	75.8174
aanbieden WW(vd,vrij,zonder)	16214	405091775	75.8204
paus N(soort,ev,basis,zijd,stan)	16192	405107967	75.8234
2010 TW(hoofd,vrij)	16186	405124153	75.8265
breed ADJ(prenom,basis,met-e,stan)	16178	405140331	75.8295
Steve SPEC(deeleigen)	16178	405156509	75.8325
consument N(soort,ev,basis,zijd,stan)	16164	405172673	75.8356
geloven WW(pv,tgw,met-t)	16154	405188827	75.8386
tja N(soort,ev,basis,zijd,stan)	16133	405204960	75.8416
alsnog BW()	16131	405221091	75.8446
bos N(soort,ev,basis,onz,stan)	16129	405237220	75.8476
inkomen N(soort,ev,basis,onz,stan)	16127	405253347	75.8507
Jean SPEC(deeleigen)	16106	405269453	75.8537
Washington SPEC(deeleigen)	16096	405285549	75.8567
festival N(soort,ev,basis,onz,stan)	16082	405301631	75.8597
bepaald ADJ(prenom,basis,zonder)	16078	405317709	75.8627
wijzen WW(inf,vrij,zonder)	16077	405333786	75.8657
duur ADJ(prenom,basis,met-e,stan)	16071	405349857	75.8687
nederlands ADJ(prenom,basis,zonder)	16063	405365920	75.8717
raar ADJ(vrij,basis,zonder)	16061	405381981	75.8747
leveren WW(pv,verl,ev)	16054	405398035	75.8777
overname N(soort,ev,basis,zijd,stan)	16046	405414081	75.8807
5 SPEC(symb)	16036	405430117	75.8837
ontstaan WW(pv,verl,ev)	16032	405446149	75.8867
evolutie N(soort,ev,basis,zijd,stan)	16032	405462181	75.8897
boer N(soort,mv,basis)	16031	405478212	75.8927
contact N(soort,mv,basis)	16027	405494239	75.8957
daarentegen BW()	16009	405510248	75.8987
analyse N(soort,ev,basis,zijd,stan)	16005	405526253	75.9017
lid-staat N(soort,mv,basis)	16003	405542256	75.9047
algemeen ADJ(prenom,basis,zonder)	15994	405558250	75.9077
erover BW()	15993	405574243	75.9107
tal N(soort,ev,basis,onz,stan)	15968	405590211	75.9137
streek N(soort,ev,basis,zijd,stan)	15968	405606179	75.9167
ist SPEC(vreemd)	15958	405622137	75.9197
bepalen WW(inf,vrij,zonder)	15958	405638095	75.9227
o SPEC(symb)	15957	405654052	75.9257
ernstig ADJ(prenom,basis,met-e,stan)	15957	405670009	75.9286
stem WW(inf,vrij,zonder)	15950	405685959	75.9316
hoeveelheid N(soort,ev,basis,zijd,stan)	15941	405701900	75.9346
1 SPEC(symb)	15938	405717838	75.9376
# SPEC(symb)	15936	405733774	75.9406
dier N(soort,ev,basis,onz,stan)	15935	405749709	75.9436
wetgeving N(soort,ev,basis,zijd,stan)	15930	405765639	75.9465
Oostenrijk SPEC(deeleigen)	15929	405781568	75.9495
meester N(soort,ev,basis,zijd,stan)	15915	405797483	75.9525
h N(soort,ev,basis,zijd,stan)	15907	405813390	75.9555
uitsluitend ADJ(vrij,basis,zonder)	15900	405829290	75.9585
proberen WW(vd,vrij,zonder)	15888	405845178	75.9614
journalist N(soort,mv,basis)	15885	405861063	75.9644
hierbij BW()	15885	405876948	75.9674
beschikken WW(pv,tgw,met-t)	15878	405892826	75.9703
dubbel ADJ(prenom,basis,met-e,stan)	15877	405908703	75.9733
afloop N(soort,ev,basis,zijd,stan)	15876	405924579	75.9763
onderzoeken WW(inf,vrij,zonder)	15871	405940450	75.9793
instantie N(soort,ev,basis,zijd,stan)	15863	405956313	75.9822
roepen WW(pv,verl,ev)	15842	405972155	75.9852
defensie N(soort,ev,basis,zijd,stan)	15838	405987993	75.9882
organiseren WW(inf,vrij,zonder)	15837	406003830	75.9911
PvdA SPEC(deeleigen)	15811	406019641	75.9941
Bergen SPEC(deeleigen)	15810	406035451	75.997
autoriteit N(soort,mv,basis)	15808	406051259	76
Walter SPEC(deeleigen)	15804	406067063	76.003
verdediging N(soort,ev,basis,zijd,stan)	15803	406082866	76.0059
behandelen WW(vd,vrij,zonder)	15796	406098662	76.0089
beker N(soort,ev,basis,zijd,stan)	15792	406114454	76.0118
boot N(soort,ev,basis,zijd,stan)	15779	406130233	76.0148
verschil N(soort,mv,basis)	15778	406146011	76.0177
optreden WW(inf,vrij,zonder)	15778	406161789	76.0207
Madrid SPEC(deeleigen)	15773	406177562	76.0236
ramp N(soort,ev,basis,zijd,stan)	15772	406193334	76.0266
openen WW(vd,vrij,zonder)	15772	406209106	76.0295
zwanger ADJ(vrij,basis,zonder)	15766	406224872	76.0325
B. SPEC(deeleigen)	15735	406240607	76.0354
arm N(soort,ev,basis,zijd,stan)	15732	406256339	76.0384
aanhouden WW(vd,vrij,zonder)	15719	406272058	76.0413
artikel N(soort,mv,basis)	15718	406287776	76.0443
opstellen WW(vd,vrij,zonder)	15714	406303490	76.0472
categorie N(soort,ev,basis,zijd,stan)	15697	406319187	76.0501
test N(soort,ev,basis,zijd,stan)	15690	406334877	76.0531
communicatie N(soort,ev,basis,zijd,stan)	15686	406350563	76.056
veranderen WW(pv,tgw,met-t)	15675	406366238	76.059
gedeelte N(soort,ev,basis,onz,stan)	15667	406381905	76.0619
opvallend ADJ(vrij,basis,zonder)	15658	406397563	76.0648
proberen WW(pv,tgw,mv)	15650	406413213	76.0677
Jacques SPEC(deeleigen)	15650	406428863	76.0707
trap N(soort,ev,basis,zijd,stan)	15637	406444500	76.0736
geel ADJ(vrij,basis,zonder)	15635	406460135	76.0765
tip N(soort,mv,basis)	15620	406475755	76.0794
twee TW(hoofd,nom,zonder-n,basis)	15615	406491370	76.0824
85 TW(hoofd,prenom,stan)	15611	406506981	76.0853
moeilijk ADJ(vrij,comp,zonder)	15594	406522575	76.0882
park N(soort,ev,basis,onz,stan)	15590	406538165	76.0911
stevig ADJ(prenom,basis,met-e,stan)	15582	406553747	76.094
Belang SPEC(deeleigen)	15571	406569318	76.097
prestatie N(soort,ev,basis,zijd,stan)	15559	406584877	76.0999
bewijzen WW(vd,vrij,zonder)	15557	406600434	76.1028
rit N(soort,ev,basis,zijd,stan)	15554	406615988	76.1057
45 TW(hoofd,prenom,stan)	15549	406631537	76.1086
beslag N(soort,ev,basis,onz,stan)	15547	406647084	76.1115
zetel N(soort,mv,basis)	15538	406662622	76.1144
scheidsrechter N(soort,ev,basis,zijd,stan)	15538	406678160	76.1173
60 TW(hoofd,vrij)	15535	406693695	76.1202
Tim SPEC(deeleigen)	15529	406709224	76.1231
gezelschap N(soort,ev,basis,onz,stan)	15519	406724743	76.1261
politiek ADJ(prenom,basis,zonder)	15517	406740260	76.129
blad N(soort,ev,basis,onz,stan)	15513	406755773	76.1319
blauw ADJ(prenom,basis,met-e,stan)	15496	406771269	76.1348
regisseur N(soort,ev,basis,zijd,stan)	15480	406786749	76.1377
verbeteren WW(inf,vrij,zonder)	15465	406802214	76.1406
waarover BW()	15457	406817671	76.1434
uitspraak N(soort,mv,basis)	15452	406833123	76.1463
stof N(soort,mv,basis)	15446	406848569	76.1492
maatschappelijk ADJ(prenom,basis,met-e,stan)	15438	406864007	76.1521
die VNW(aanw,pron,gen,vol,3m,ev)	15428	406879435	76.155
oei N(soort,ev,basis,zijd,stan)	15427	406894862	76.1579
46 TW(hoofd,vrij)	15423	406910285	76.1608
wetenschappelijk ADJ(prenom,basis,met-e,stan)	15390	406925675	76.1637
hun VNW(pers,pron,obl,vol,3p,mv)	15379	406941054	76.1665
gevoel N(soort,mv,basis)	15372	406956426	76.1694
merken WW(inf,vrij,zonder)	15349	406971775	76.1723
lopen WW(pv,verl,mv)	15342	406987117	76.1752
belang N(soort,mv,basis)	15335	407002452	76.178
Eén SPEC(deeleigen)	15321	407017773	76.1809
opvolger N(soort,ev,basis,zijd,stan)	15311	407033084	76.1838
plaatsen WW(inf,vrij,zonder)	15302	407048386	76.1866
opening N(soort,ev,basis,zijd,stan)	15297	407063683	76.1895
treden WW(pv,tgw,met-t)	15293	407078976	76.1924
strategie N(soort,ev,basis,zijd,stan)	15291	407094267	76.1952
VB SPEC(afk)	15290	407109557	76.1981
koop N(soort,ev,basis,zijd,stan)	15284	407124841	76.2009
gemeenschappelijk ADJ(prenom,basis,met-e,stan)	15281	407140122	76.2038
C6 SPEC(deeleigen)	15281	407155403	76.2067
norm N(soort,mv,basis)	15269	407170672	76.2095
gat N(soort,mv,basis)	15266	407185938	76.2124
roll SPEC(vreemd)	15257	407201195	76.2152
Tony SPEC(deeleigen)	15256	407216451	76.2181
hopen WW(pv,tgw,mv)	15253	407231704	76.2209
Les SPEC(vreemd)	15252	407246956	76.2238
element N(soort,mv,basis)	15243	407262199	76.2266
aanzien N(soort,ev,basis,onz,stan)	15225	407277424	76.2295
chauffeur N(soort,ev,basis,zijd,stan)	15221	407292645	76.2323
bloem N(soort,mv,basis)	15221	407307866	76.2352
aard N(soort,ev,basis,zijd,stan)	15218	407323084	76.238
oosten N(soort,ev,basis,onz,stan)	15211	407338295	76.2409
Allez SPEC(vreemd)	15208	407353503	76.2437
San SPEC(deeleigen)	15200	407368703	76.2466
voedsel N(soort,ev,basis,onz,stan)	15187	407383890	76.2494
oor N(soort,mv,basis)	15187	407399077	76.2523
:s SPEC(symb)	15184	407414261	76.2551
stoppen WW(pv,tgw,met-t)	15179	407429440	76.2579
kunstenaar N(soort,ev,basis,zijd,stan)	15171	407444611	76.2608
gebeurtenis N(soort,mv,basis)	15171	407459782	76.2636
simpel ADJ(vrij,basis,zonder)	15156	407474938	76.2665
Hallo SPEC(vreemd)	15153	407490091	76.2693
markt N(soort,mv,basis)	15152	407505243	76.2721
belangrijk ADJ(prenom,basis,zonder)	15132	407520375	76.275
betrekken WW(vd,prenom,zonder)	15129	407535504	76.2778
omwille BW()	15115	407550619	76.2806
boos ADJ(vrij,basis,zonder)	15115	407565734	76.2835
slecht ADJ(prenom,basis,zonder)	15106	407580840	76.2863
pc N(soort,ev,basis,zijd,stan)	15106	407595946	76.2891
sterkte N(soort,ev,basis,zijd,stan)	15090	407611036	76.2919
wolk N(soort,mv,basis)	15087	407626123	76.2948
just SPEC(vreemd)	15083	407641206	76.2976
schorsen WW(vd,vrij,zonder)	15081	407656287	76.3004
huid N(soort,ev,basis,zijd,stan)	15079	407671366	76.3032
eindigen WW(pv,verl,ev)	15064	407686430	76.306
allochtoon N(soort,mv,basis)	15064	407701494	76.3089
wereldwijd ADJ(vrij,basis,zonder)	15060	407716554	76.3117
stilaan BW()	15046	407731600	76.3145
vloer N(soort,ev,basis,zijd,stan)	15026	407746626	76.3173
ideaal ADJ(prenom,basis,met-e,stan)	15026	407761652	76.3201
80 TW(hoofd,vrij)	15023	407776675	76.3229
groeien WW(pv,tgw,met-t)	15018	407791693	76.3258
evenwicht N(soort,ev,basis,onz,stan)	15015	407806708	76.3286
beschermen WW(inf,vrij,zonder)	15002	407821710	76.3314
vaststelling N(soort,ev,basis,zijd,stan)	14994	407836704	76.3342
de LID(bep,gen,evmo)	14975	407851679	76.337
belasting N(soort,ev,basis,zijd,stan)	14965	407866644	76.3398
neen N(soort,ev,basis,onz,stan)	14948	407881592	76.3426
uitslag N(soort,ev,basis,zijd,stan)	14927	407896519	76.3454
kunstenaar N(soort,mv,basis)	14925	407911444	76.3482
vandaan VZ(fin)	14923	407926367	76.351
usd N(soort,ev,basis,zijd,stan)	14920	407941287	76.3538
stichting N(soort,ev,basis,zijd,stan)	14917	407956204	76.3565
kant N(soort,mv,basis)	14914	407971118	76.3593
stevig ADJ(vrij,basis,zonder)	14894	407986012	76.3621
Der SPEC(deeleigen)	14889	408000901	76.3649
centraal ADJ(vrij,basis,zonder)	14885	408015786	76.3677
aanleg N(soort,ev,basis,zijd,stan)	14877	408030663	76.3705
400 TW(hoofd,prenom,stan)	14869	408045532	76.3733
raken WW(pv,verl,mv)	14855	408060387	76.376
League SPEC(deeleigen)	14853	408075240	76.3788
44 TW(hoofd,vrij)	14853	408090093	76.3816
logisch ADJ(vrij,basis,zonder)	14852	408104945	76.3844
bekijken WW(vd,vrij,zonder)	14847	408119792	76.3872
voormalig ADJ(prenom,basis,zonder)	14843	408134635	76.3899
gewest N(soort,ev,basis,onz,stan)	14843	408149478	76.3927
verzet N(soort,ev,basis,onz,stan)	14826	408164304	76.3955
zoeken WW(pv,tgw,ev)	14820	408179124	76.3983
scoren WW(inf,vrij,zonder)	14803	408193927	76.401
y SPEC(vreemd)	14797	408208724	76.4038
merken WW(pv,tgw,ev)	14790	408223514	76.4066
ontwikkelen WW(vd,vrij,zonder)	14784	408238298	76.4093
nacht N(soort,ev,basis,gen)	14782	408253080	76.4121
merk N(soort,ev,basis,onz,stan)	14769	408267849	76.4149
voorwaarde N(soort,ev,basis,zijd,stan)	14761	408282610	76.4176
geven WW(pv,verl,mv)	14759	408297369	76.4204
maximaal ADJ(vrij,basis,zonder)	14755	408312124	76.4232
structuur N(soort,ev,basis,zijd,stan)	14754	408326878	76.4259
integratie N(soort,ev,basis,zijd,stan)	14751	408341629	76.4287
wijzen WW(pv,verl,ev)	14750	408356379	76.4314
leeg ADJ(vrij,basis,zonder)	14740	408371119	76.4342
fr. N(soort,ev,basis,zijd,stan)	14734	408385853	76.437
treffen WW(vd,vrij,zonder)	14729	408400582	76.4397
zingen WW(inf,vrij,zonder)	14728	408415310	76.4425
rijk ADJ(prenom,basis,met-e,stan)	14719	408430029	76.4452
elf TW(hoofd,prenom,stan)	14718	408444747	76.448
dringend ADJ(vrij,basis,zonder)	14702	408459449	76.4507
voorbeeld N(soort,mv,basis)	14698	408474147	76.4535
inzetten WW(vd,vrij,zonder)	14692	408488839	76.4562
Hoi SPEC(vreemd)	14686	408503525	76.459
aanmerking N(soort,ev,basis,zijd,stan)	14678	408518203	76.4617
overzicht N(soort,ev,basis,onz,stan)	14665	408532868	76.4645
album N(soort,ev,basis,onz,stan)	14661	408547529	76.4672
Berlijn SPEC(deeleigen)	14661	408562190	76.47
fiscaal ADJ(prenom,basis,met-e,stan)	14648	408576838	76.4727
rijk ADJ(vrij,basis,zonder)	14644	408591482	76.4754
voren BW()	14642	408606124	76.4782
koninkrijk N(soort,ev,basis,onz,stan)	14625	408620749	76.4809
fijn ADJ(prenom,basis,met-e,stan)	14620	408635369	76.4837
dicht ADJ(vrij,comp,zonder)	14613	408649982	76.4864
oorsprong N(soort,ev,basis,zijd,stan)	14610	408664592	76.4891
grondwet N(soort,ev,basis,zijd,stan)	14598	408679190	76.4919
opklaring N(soort,mv,basis)	14591	408693781	76.4946
Lierse SPEC(deeleigen)	14589	408708370	76.4973
voertuig N(soort,ev,basis,onz,stan)	14580	408722950	76.5001
plannen WW(vd,vrij,zonder)	14580	408737530	76.5028
volgen WW(pv,tgw,mv)	14572	408752102	76.5055
A. SPEC(deeleigen)	14554	408766656	76.5082
kwartier N(soort,ev,basis,onz,stan)	14547	408781203	76.511
1989 TW(hoofd,vrij)	14537	408795740	76.5137
studie N(soort,mv,basis)	14524	408810264	76.5164
32 SPEC(symb)	14521	408824785	76.5191
plotseling ADJ(vrij,basis,zonder)	14519	408839304	76.5218
stijgen WW(inf,vrij,zonder)	14518	408853822	76.5245
kiezen WW(pv,verl,ev)	14508	408868330	76.5273
voorzichtig ADJ(vrij,basis,zonder)	14506	408882836	76.53
Nederlander SPEC(deeleigen)	14502	408897338	76.5327
leren WW(pv,tgw,met-t)	14497	408911835	76.5354
trekken WW(pv,tgw,mv)	14495	408926330	76.5381
collectie N(soort,ev,basis,zijd,stan)	14485	408940815	76.5408
w N(soort,ev,basis,zijd,stan)	14481	408955296	76.5435
omroep N(soort,ev,basis,zijd,stan)	14476	408969772	76.5463
onderzoeker N(soort,mv,basis)	14475	408984247	76.549
locatie N(soort,ev,basis,zijd,stan)	14475	408998722	76.5517
prestatie N(soort,mv,basis)	14474	409013196	76.5544
recht ADJ(vrij,basis,zonder)	14467	409027663	76.5571
Richard SPEC(deeleigen)	14464	409042127	76.5598
bevinden WW(pv,tgw,met-t)	14456	409056583	76.5625
stijgen WW(pv,verl,ev)	14452	409071035	76.5652
stemming N(soort,ev,basis,zijd,stan)	14441	409085476	76.5679
tip N(soort,ev,basis,zijd,stan)	14438	409099914	76.5706
hierdoor BW()	14438	409114352	76.5733
evenmin BW()	14438	409128790	76.576
23 TW(hoofd,prenom,stan)	14433	409143223	76.5787
not SPEC(vreemd)	14432	409157655	76.5814
lief ADJ(prenom,basis,met-e,stan)	14426	409172081	76.5841
97 TW(hoofd,vrij)	14425	409186506	76.5868
republiek N(soort,ev,basis,zijd,stan)	14417	409200923	76.5895
United SPEC(deeleigen)	14412	409215335	76.5922
koud ADJ(vrij,basis,zonder)	14410	409229745	76.5949
Portugal SPEC(deeleigen)	14407	409244152	76.5976
S. SPEC(deeleigen)	14403	409258555	76.6003
vrachtwagen N(soort,ev,basis,zijd,stan)	14397	409272952	76.603
toekomstig ADJ(prenom,basis,met-e,stan)	14384	409287336	76.6057
economisch ADJ(prenom,basis,zonder)	14371	409301707	76.6084
commentaar N(soort,ev,basis,onz,stan)	14364	409316071	76.6111
wit ADJ(vrij,basis,zonder)	14360	409330431	76.6138
detail N(soort,mv,basis)	14355	409344786	76.6164
alternatief N(soort,ev,basis,onz,stan)	14350	409359136	76.6191
EK SPEC(deeleigen)	14350	409373486	76.6218
spanning N(soort,ev,basis,zijd,stan)	14346	409387832	76.6245
gedachte N(soort,ev,basis,zijd,stan)	14342	409402174	76.6272
tijdelijk ADJ(vrij,basis,zonder)	14328	409416502	76.6299
groen ADJ(vrij,basis,zonder)	14324	409430826	76.6325
werkgever N(soort,mv,basis)	14317	409445143	76.6352
budget N(soort,ev,basis,onz,stan)	14314	409459457	76.6379
voeren WW(vd,vrij,zonder)	14301	409473758	76.6406
me SPEC(vreemd)	14289	409488047	76.6433
journalist N(soort,ev,basis,zijd,stan)	14288	409502335	76.6459
techniek N(soort,ev,basis,zijd,stan)	14287	409516622	76.6486
brood N(soort,ev,basis,onz,stan)	14284	409530906	76.6513
risico N(soort,mv,basis)	14275	409545181	76.6539
nemen WW(pv,verl,mv)	14275	409559456	76.6566
luiden WW(pv,tgw,met-t)	14270	409573726	76.6593
zone N(soort,mv,basis)	14266	409587992	76.662
2009 TW(hoofd,vrij)	14261	409602253	76.6646
liter N(soort,ev,basis,zijd,stan)	14256	409616509	76.6673
coalitie N(soort,ev,basis,zijd,stan)	14253	409630762	76.67
Duitsers SPEC(deeleigen)	14251	409645013	76.6726
technologie N(soort,ev,basis,zijd,stan)	14245	409659258	76.6753
Zulte SPEC(deeleigen)	14245	409673503	76.678
fabriek N(soort,ev,basis,zijd,stan)	14241	409687744	76.6806
steken WW(pv,tgw,met-t)	14237	409701981	76.6833
kilo N(soort,ev,basis,zijd,stan)	14228	409716209	76.686
toerist N(soort,mv,basis)	14221	409730430	76.6886
beslissen WW(inf,vrij,zonder)	14214	409744644	76.6913
Grote SPEC(deeleigen)	14212	409758856	76.6939
schuldig ADJ(vrij,basis,zonder)	14211	409773067	76.6966
James SPEC(deeleigen)	14210	409787277	76.6993
geheel ADJ(vrij,basis,zonder)	14198	409801475	76.7019
die VNW(aanw,det,dial)	14198	409815673	76.7046
idd N(soort,ev,basis,zijd,stan)	14191	409829864	76.7072
Zwitserland SPEC(deeleigen)	14189	409844053	76.7099
VN SPEC(deeleigen)	14183	409858236	76.7125
melden WW(pv,tgw,met-t)	14177	409872413	76.7152
ik VNW(pers,pron,nomin,red,1,ev)	14173	409886586	76.7178
leven WW(pv,tgw,mv)	14169	409900755	76.7205
arm ADJ(prenom,basis,met-e,stan)	14168	409914923	76.7232
werkloosheid N(soort,ev,basis,zijd,stan)	14156	409929079	76.7258
schijnen WW(pv,tgw,met-t)	14137	409943216	76.7284
schorsing N(soort,ev,basis,zijd,stan)	14136	409957352	76.7311
noemen WW(pv,tgw,ev)	14121	409971473	76.7337
akkoord ADJ(vrij,basis,zonder)	14114	409985587	76.7364
verwachting N(soort,mv,basis)	14109	409999696	76.739
belangrijk ADJ(vrij,comp,zonder)	14106	410013802	76.7417
aandeelhouder N(soort,mv,basis)	14101	410027903	76.7443
bestuurder N(soort,mv,basis)	14097	410042000	76.7469
belofte N(soort,mv,basis)	14095	410056095	76.7496
zenne N(soort,ev,basis,zijd,stan)	14094	410070189	76.7522
roepen WW(inf,vrij,zonder)	14092	410084281	76.7549
geraken WW(inf,vrij,zonder)	14082	410098363	76.7575
links ADJ(prenom,basis,met-e,stan)	14081	410112444	76.7601
oproep N(soort,ev,basis,zijd,stan)	14079	410126523	76.7628
Kristof SPEC(deeleigen)	14076	410140599	76.7654
stilte N(soort,ev,basis,zijd,stan)	14071	410154670	76.768
klap N(soort,ev,basis,zijd,stan)	14069	410168739	76.7707
Dendermonde SPEC(deeleigen)	14065	410182804	76.7733
trouwen WW(vd,vrij,zonder)	14060	410196864	76.7759
melk N(soort,ev,basis,zijd,stan)	14043	410210907	76.7786
verhouding N(soort,ev,basis,zijd,stan)	14042	410224949	76.7812
kapitaal N(soort,ev,basis,onz,stan)	14042	410238991	76.7838
oorspronkelijk ADJ(prenom,basis,met-e,stan)	14036	410253027	76.7864
haar N(soort,ev,basis,onz,stan)	14033	410267060	76.7891
realiteit N(soort,ev,basis,zijd,stan)	14031	410281091	76.7917
maal N(soort,ev,basis,zijd,stan)	14031	410295122	76.7943
e N(soort,ev,basis,zijd,stan)	14028	410309150	76.7969
rente N(soort,ev,basis,zijd,stan)	14027	410323177	76.7996
sowieso BW()	14020	410337197	76.8022
plant N(soort,mv,basis)	14005	410351202	76.8048
trekken WW(vd,vrij,zonder)	14003	410365205	76.8074
Kurt SPEC(deeleigen)	13986	410379191	76.81
goedkoop ADJ(vrij,comp,zonder)	13985	410393176	76.8127
inspanning N(soort,mv,basis)	13976	410407152	76.8153
rolleyes N(soort,mv,basis)	13970	410421122	76.8179
gewicht N(soort,ev,basis,onz,stan)	13967	410435089	76.8205
christelijk ADJ(prenom,basis,met-e,stan)	13956	410449045	76.8231
werkgever N(soort,ev,basis,zijd,stan)	13955	410463000	76.8257
Rik SPEC(deeleigen)	13950	410476950	76.8283
Moskou SPEC(deeleigen)	13949	410490899	76.831
miljoen N(soort,mv,basis)	13943	410504842	76.8336
Jeroen SPEC(deeleigen)	13942	410518784	76.8362
achterstand N(soort,ev,basis,zijd,stan)	13940	410532724	76.8388
inwonen WW(pv,tgw,mv)	13935	410546659	76.8414
weinig VNW(onbep,grad,stan,vrij,zonder,sup)	13928	410560587	76.844
integendeel BW()	13914	410574501	76.8466
meemaken WW(vd,vrij,zonder)	13913	410588414	76.8492
letten WW(pv,tgw,ev)	13912	410602326	76.8518
paard N(soort,ev,basis,onz,stan)	13911	410616237	76.8544
populair ADJ(vrij,basis,zonder)	13890	410630127	76.857
Haha SPEC(deeleigen)	13887	410644014	76.8596
firma N(soort,ev,basis,zijd,stan)	13884	410657898	76.8622
theorie N(soort,ev,basis,zijd,stan)	13881	410671779	76.8648
verklaren WW(vd,vrij,zonder)	13879	410685658	76.8674
stijgen WW(vd,vrij,zonder)	13879	410699537	76.87
slaan WW(vd,vrij,zonder)	13853	410713390	76.8726
vroeg ADJ(prenom,basis,met-e,stan)	13845	410727235	76.8752
tonen WW(pv,verl,ev)	13845	410741080	76.8778
Zweden SPEC(deeleigen)	13826	410754906	76.8804
Barcelona SPEC(deeleigen)	13823	410768729	76.883
vlot ADJ(vrij,basis,zonder)	13821	410782550	76.8855
G. SPEC(deeleigen)	13819	410796369	76.8881
arts N(soort,mv,basis)	13817	410810186	76.8907
politicus N(soort,ev,basis,zijd,stan)	13810	410823996	76.8933
opzicht N(soort,ev,basis,dat)	13808	410837804	76.8959
naartoe BW()	13802	410851606	76.8985
terugkeer N(soort,ev,basis,zijd,stan)	13799	410865405	76.9011
Tienen SPEC(deeleigen)	13798	410879203	76.9036
verdedigen WW(inf,vrij,zonder)	13792	410892995	76.9062
aardig ADJ(vrij,basis,zonder)	13778	410906773	76.9088
chat N(soort,ev,basis,zijd,stan)	13775	410920548	76.9114
uiterst ADJ(vrij,basis,zonder)	13770	410934318	76.914
lijf N(soort,ev,basis,onz,stan)	13770	410948088	76.9165
beheer N(soort,ev,basis,onz,stan)	13767	410961855	76.9191
makkelijk ADJ(vrij,comp,zonder)	13757	410975612	76.9217
acteur N(soort,ev,basis,zijd,stan)	13750	410989362	76.9243
afrikaans ADJ(prenom,basis,met-e,stan)	13740	411003102	76.9268
Danny SPEC(deeleigen)	13736	411016838	76.9294
Charles SPEC(deeleigen)	13736	411030574	76.932
75 TW(hoofd,prenom,stan)	13731	411044305	76.9345
vermelden WW(vd,vrij,zonder)	13722	411058027	76.9371
openen WW(pv,tgw,met-t)	13716	411071743	76.9397
alcohol N(soort,ev,basis,zijd,stan)	13713	411085456	76.9422
ontwikkelen WW(inf,vrij,zonder)	13699	411099155	76.9448
Bank SPEC(deeleigen)	13697	411112852	76.9474
namens VZ(init)	13694	411126546	76.9499
gelijk ADJ(prenom,basis,met-e,stan)	13694	411140240	76.9525
concreet ADJ(prenom,basis,met-e,stan)	13691	411153931	76.9551
Guido SPEC(deeleigen)	13688	411167619	76.9576
koppel N(soort,ev,basis,onz,stan)	13681	411181300	76.9602
by SPEC(vreemd)	13681	411194981	76.9627
protest N(soort,ev,basis,onz,stan)	13677	411208658	76.9653
hoeveel TW(hoofd,vrij)	13670	411222328	76.9679
optie N(soort,ev,basis,zijd,stan)	13669	411235997	76.9704
are SPEC(vreemd)	13667	411249664	76.973
St. SPEC(deeleigen)	13666	411263330	76.9755
stijgen WW(pv,tgw,met-t)	13665	411276995	76.9781
kapot ADJ(vrij,basis,zonder)	13657	411290652	76.9806
imago N(soort,ev,basis,onz,stan)	13651	411304303	76.9832
katholiek ADJ(prenom,basis,met-e,stan)	13648	411317951	76.9858
kiezer N(soort,mv,basis)	13645	411331596	76.9883
hoeven WW(pv,tgw,mv)	13644	411345240	76.9909
vliegen WW(inf,vrij,zonder)	13637	411358877	76.9934
passagier N(soort,mv,basis)	13633	411372510	76.996
ingang N(soort,ev,basis,zijd,stan)	13632	411386142	76.9985
zwak ADJ(prenom,basis,met-e,stan)	13630	411399772	77.0011
Cercle SPEC(deeleigen)	13630	411413402	77.0036
verklaren WW(pv,tgw,met-t)	13622	411427024	77.0062
enig VNW(onbep,det,stan,prenom,zonder,evon)	13622	411440646	77.0087
vertellen WW(pv,tgw,ev)	13614	411454260	77.0113
overtuigen WW(inf,vrij,zonder)	13605	411467865	77.0138
opnemen WW(inf,vrij,zonder)	13605	411481470	77.0164
r N(soort,ev,basis,zijd,stan)	13603	411495073	77.0189
nationaal ADJ(prenom,basis,zonder)	13602	411508675	77.0215
tegenstander N(soort,mv,basis)	13599	411522274	77.024
onderdeel N(soort,mv,basis)	13598	411535872	77.0265
DL SPEC(deeleigen)	13598	411549470	77.0291
voldoen ADJ(prenom,basis,zonder)	13597	411563067	77.0316
stadion N(soort,ev,basis,onz,stan)	13591	411576658	77.0342
bibliotheek N(soort,ev,basis,zijd,stan)	13551	411590209	77.0367
gratis ADJ(prenom,basis,zonder)	13550	411603759	77.0392
humor N(soort,ev,basis,zijd,stan)	13546	411617305	77.0418
bron N(soort,mv,basis)	13534	411630839	77.0443
sluiten WW(pv,verl,ev)	13532	411644371	77.0469
jood N(soort,mv,basis)	13529	411657900	77.0494
toeval N(soort,ev,basis,onz,stan)	13527	411671427	77.0519
licht ADJ(vrij,basis,zonder)	13526	411684953	77.0544
richten WW(inf,vrij,zonder)	13514	411698467	77.057
verrassing N(soort,ev,basis,zijd,stan)	13507	411711974	77.0595
strand N(soort,ev,basis,onz,stan)	13500	411725474	77.062
slot N(soort,ev,basis,dat)	13494	411738968	77.0646
mja N(soort,ev,basis,onz,stan)	13493	411752461	77.0671
bestaan N(soort,ev,basis,onz,stan)	13473	411765934	77.0696
voldoen WW(inf,vrij,zonder)	13465	411779399	77.0721
Vrijdag SPEC(deeleigen)	13459	411792858	77.0746
aannemen WW(vd,vrij,zonder)	13457	411806315	77.0772
verschijnen WW(vd,vrij,zonder)	13454	411819769	77.0797
onafhankelijk ADJ(prenom,basis,met-e,stan)	13449	411833218	77.0822
oplossen WW(vd,vrij,zonder)	13448	411846666	77.0847
amsterdams ADJ(prenom,basis,met-e,stan)	13448	411860114	77.0872
overlijden WW(pv,verl,ev)	13446	411873560	77.0897
e-mail N(soort,ev,basis,zijd,stan)	13444	411887004	77.0923
landbouw N(soort,ev,basis,zijd,stan)	13441	411900445	77.0948
ontslaan WW(vd,vrij,zonder)	13435	411913880	77.0973
religieus ADJ(prenom,basis,met-e,stan)	13431	411927311	77.0998
verscheiden ADJ(prenom,basis,met-e,stan)	13429	411940740	77.1023
what SPEC(vreemd)	13422	411954162	77.1048
ah BW()	13418	411967580	77.1073
Marcel SPEC(deeleigen)	13418	411980998	77.1099
reageren WW(pv,verl,ev)	13411	411994409	77.1124
record N(soort,ev,basis,onz,stan)	13410	412007819	77.1149
dagelijks ADJ(prenom,basis,met-e,stan)	13402	412021221	77.1174
vier TW(rang,nom,zonder-n)	13401	412034622	77.1199
finale N(soort,mv,basis)	13397	412048019	77.1224
interessant ADJ(prenom,basis,met-e,stan)	13386	412061405	77.1249
spijt N(soort,ev,basis,zijd,stan)	13383	412074788	77.1274
dik ADJ(vrij,basis,zonder)	13373	412088161	77.1299
onafhankelijkheid N(soort,ev,basis,zijd,stan)	13370	412101531	77.1324
missen WW(pv,tgw,met-t)	13359	412114890	77.1349
kruispunt N(soort,ev,basis,onz,stan)	13359	412128249	77.1374
feliciteren WW(vd,vrij,zonder)	13348	412141597	77.1399
redacteur N(soort,ev,basis,zijd,stan)	13333	412154930	77.1424
maatregel N(soort,ev,basis,zijd,stan)	13330	412168260	77.1449
vragen WW(pv,tgw,mv)	13323	412181583	77.1474
staatssecretaris N(soort,ev,basis,zijd,stan)	13323	412194906	77.1499
voorstel N(soort,mv,basis)	13321	412208227	77.1524
arts N(soort,ev,basis,zijd,stan)	13300	412221527	77.1549
Hey SPEC(vreemd)	13295	412234822	77.1574
koninklijk ADJ(prenom,basis,met-e,stan)	13287	412248109	77.1599
a SPEC(symb)	13282	412261391	77.1623
stroom N(soort,ev,basis,zijd,stan)	13269	412274660	77.1648
vrezen WW(pv,tgw,ev)	13265	412287925	77.1673
mijn VNW(bez,det,dial)	13265	412301190	77.1698
overeenstemming N(soort,ev,basis,zijd,stan)	13263	412314453	77.1723
knie N(soort,ev,basis,zijd,stan)	13261	412327714	77.1748
grotendeels ADJ(vrij,basis,zonder)	13253	412340967	77.1772
schrik N(soort,ev,basis,zijd,stan)	13252	412354219	77.1797
x N(soort,ev,basis,zijd,stan)	13250	412367469	77.1822
zes TW(rang,prenom,stan)	13245	412380714	77.1847
voordeel N(soort,mv,basis)	13244	412393958	77.1872
vertrekken WW(vd,vrij,zonder)	13229	412407187	77.1896
bord N(soort,ev,basis,onz,stan)	13225	412420412	77.1921
Maes SPEC(deeleigen)	13223	412433635	77.1946
identiteit N(soort,ev,basis,zijd,stan)	13213	412446848	77.197
regel N(soort,ev,basis,zijd,stan)	13203	412460051	77.1995
Rob SPEC(deeleigen)	13201	412473252	77.202
stelling N(soort,ev,basis,zijd,stan)	13194	412486446	77.2045
Spa SPEC(deeleigen)	13192	412499638	77.2069
spoor N(soort,mv,basis)	13177	412512815	77.2094
juridisch ADJ(prenom,basis,met-e,stan)	13163	412525978	77.2119
concept N(soort,ev,basis,onz,stan)	13161	412539139	77.2143
o.a. SPEC(afk)	13160	412552299	77.2168
iraaks ADJ(prenom,basis,met-e,stan)	13160	412565459	77.2192
prachtig ADJ(vrij,basis,zonder)	13152	412578611	77.2217
investeren WW(inf,vrij,zonder)	13152	412591763	77.2242
populair ADJ(prenom,basis,met-e,stan)	13145	412604908	77.2266
gezond ADJ(vrij,basis,zonder)	13141	412618049	77.2291
rijden WW(vd,vrij,zonder)	13128	412631177	77.2316
no SPEC(vreemd)	13117	412644294	77.234
grieks ADJ(prenom,basis,met-e,stan)	13107	412657401	77.2365
bevestigen WW(vd,vrij,zonder)	13100	412670501	77.2389
behoren WW(pv,tgw,mv)	13100	412683601	77.2414
kasteel N(soort,ev,basis,onz,stan)	13098	412696699	77.2438
schieten WW(pv,tgw,ev)	13092	412709791	77.2463
verbod N(soort,ev,basis,onz,stan)	13091	412722882	77.2487
toon N(soort,ev,basis,zijd,stan)	13091	412735973	77.2512
6 SPEC(symb)	13091	412749064	77.2536
plaat N(soort,ev,basis,zijd,stan)	13087	412762151	77.2561
overnemen WW(vd,vrij,zonder)	13087	412775238	77.2585
90 TW(hoofd,vrij)	13086	412788324	77.261
hielen WW(pv,verl,mv)	13084	412801408	77.2634
steunen WW(inf,vrij,zonder)	13083	412814491	77.2659
steken WW(pv,verl,ev)	13077	412827568	77.2683
dikwijls BW()	13076	412840644	77.2708
onderzoeken WW(vd,vrij,zonder)	13073	412853717	77.2732
sterven WW(inf,vrij,zonder)	13069	412866786	77.2756
geheim ADJ(prenom,basis,met-e,stan)	13065	412879851	77.2781
uitvoer WW(inf,vrij,zonder)	13063	412892914	77.2805
diezelfde ADJ(prenom,basis,zonder)	13055	412905969	77.283
aflevering N(soort,ev,basis,zijd,stan)	13041	412919010	77.2854
Da's SPEC(afgebr)	13041	412932051	77.2879
Bruno SPEC(deeleigen)	13037	412945088	77.2903
kamp N(soort,ev,basis,onz,stan)	13035	412958123	77.2927
verschijnen WW(pv,tgw,met-t)	13027	412971150	77.2952
Saddam SPEC(deeleigen)	13025	412984175	77.2976
ster N(soort,mv,basis)	13019	412997194	77.3001
enzo BW()	13018	413010212	77.3025
daartoe BW()	13016	413023228	77.3049
doorgaans BW()	12992	413036220	77.3074
geheim N(soort,ev,basis,onz,stan)	12991	413049211	77.3098
Westerlo SPEC(deeleigen)	12991	413062202	77.3122
treden WW(inf,vrij,zonder)	12989	413075191	77.3147
buik N(soort,ev,basis,zijd,stan)	12989	413088180	77.3171
jury N(soort,ev,basis,zijd,stan)	12986	413101166	77.3195
zichtbaar ADJ(vrij,basis,zonder)	12984	413114150	77.3219
tachtig TW(hoofd,vrij)	12980	413127130	77.3244
uitbreiden WW(vd,vrij,zonder)	12976	413140106	77.3268
zanger N(soort,ev,basis,zijd,stan)	12973	413153079	77.3292
portefeuille N(soort,ev,basis,zijd,stan)	12972	413166051	77.3317
overig ADJ(prenom,basis,met-e,stan)	12972	413179023	77.3341
dossier N(soort,mv,basis)	12970	413191993	77.3365
20.30 SPEC(symb)	12967	413204960	77.3389
apart ADJ(prenom,basis,met-e,stan)	12965	413217925	77.3414
stoppen WW(vd,vrij,zonder)	12964	413230889	77.3438
broek N(soort,ev,basis,zijd,stan)	12954	413243843	77.3462
Groningen SPEC(deeleigen)	12952	413256795	77.3486
waar WW(pv,conj,ev)	12951	413269746	77.3511
ontwerp N(soort,ev,basis,onz,stan)	12951	413282697	77.3535
duo N(soort,ev,basis,onz,stan)	12951	413295648	77.3559
toestemming N(soort,ev,basis,zijd,stan)	12950	413308598	77.3583
raam N(soort,ev,basis,onz,stan)	12943	413321541	77.3608
International SPEC(deeleigen)	12941	413334482	77.3632
toezicht N(soort,ev,basis,onz,stan)	12934	413347416	77.3656
P. SPEC(deeleigen)	12934	413360350	77.368
Griekenland SPEC(deeleigen)	12927	413373277	77.3704
em BW()	12926	413386203	77.3729
opeen BW()	12925	413399128	77.3753
financieel ADJ(vrij,basis,zonder)	12919	413412047	77.3777
ervaring N(soort,mv,basis)	12918	413424965	77.3801
Zaken SPEC(deeleigen)	12905	413437870	77.3825
antwoord N(soort,mv,basis)	12896	413450766	77.385
Bob SPEC(deeleigen)	12896	413463662	77.3874
armoede N(soort,ev,basis,zijd,stan)	12893	413476555	77.3898
verliefd ADJ(vrij,basis,zonder)	12892	413489447	77.3922
schaal N(soort,ev,basis,zijd,stan)	12892	413502339	77.3946
vooruitgang N(soort,ev,basis,zijd,stan)	12889	413515228	77.397
fles N(soort,ev,basis,zijd,stan)	12877	413528105	77.3994
zetten WW(pv,tgw,mv)	12875	413540980	77.4018
Luxemburg SPEC(deeleigen)	12872	413553852	77.4042
wet N(soort,mv,basis)	12862	413566714	77.4067
starten WW(vd,vrij,zonder)	12862	413579576	77.4091
broer N(soort,mv,basis)	12861	413592437	77.4115
vlug ADJ(vrij,basis,zonder)	12858	413605295	77.4139
marokkaans ADJ(prenom,basis,met-e,stan)	12842	413618137	77.4163
cheer N(soort,ev,basis,zijd,stan)	12841	413630978	77.4187
Martens SPEC(deeleigen)	12833	413643811	77.4211
regime N(soort,ev,basis,onz,stan)	12823	413656634	77.4235
zeggen WW(pv,verl,mv)	12818	413669452	77.4259
Australië SPEC(deeleigen)	12816	413682268	77.4283
vluchteling N(soort,mv,basis)	12807	413695075	77.4307
bodem N(soort,ev,basis,zijd,stan)	12805	413707880	77.4331
kat N(soort,ev,basis,zijd,stan)	12802	413720682	77.4355
anderhalf ADJ(prenom,basis,zonder)	12798	413733480	77.4379
veertien TW(hoofd,prenom,stan)	12796	413746276	77.4403
fusie N(soort,ev,basis,zijd,stan)	12793	413759069	77.4427
ruim ADJ(prenom,basis,met-e,stan)	12789	413771858	77.445
camera N(soort,ev,basis,zijd,stan)	12787	413784645	77.4474
serieus ADJ(prenom,basis,met-e,stan)	12779	413797424	77.4498
helpen WW(vd,vrij,zonder)	12766	413810190	77.4522
voorts BW()	12759	413822949	77.4546
behoud N(soort,ev,basis,onz,stan)	12759	413835708	77.457
Congo SPEC(deeleigen)	12750	413848458	77.4594
voelen WW(pv,tgw,mv)	12748	413861206	77.4618
nr N(soort,ev,basis,onz,stan)	12748	413873954	77.4642
spreken WW(pv,tgw,mv)	12742	413886696	77.4665
gas N(soort,ev,basis,onz,stan)	12741	413899437	77.4689
Smet SPEC(deeleigen)	12740	413912177	77.4713
Jo SPEC(deeleigen)	12738	413924915	77.4737
wereldkampioen N(soort,ev,basis,zijd,stan)	12734	413937649	77.4761
plegen WW(vd,vrij,zonder)	12725	413950374	77.4785
Wereldoorlog SPEC(deeleigen)	12723	413963097	77.4808
Egypte SPEC(deeleigen)	12720	413975817	77.4832
intro N(soort,ev,basis,zijd,stan)	12708	413988525	77.4856
confronteren WW(vd,vrij,zonder)	12706	414001231	77.488
staking N(soort,ev,basis,zijd,stan)	12704	414013935	77.4904
Wouter SPEC(deeleigen)	12704	414026639	77.4927
SP SPEC(deeleigen)	12691	414039330	77.4951
beslissing N(soort,mv,basis)	12682	414052012	77.4975
verdienen WW(vd,vrij,zonder)	12678	414064690	77.4999
liberaal ADJ(prenom,basis,met-e,stan)	12678	414077368	77.5022
hond N(soort,mv,basis)	12675	414090043	77.5046
vogel N(soort,mv,basis)	12668	414102711	77.507
langs VZ(fin)	12665	414115376	77.5093
Balkenende SPEC(deeleigen)	12661	414128037	77.5117
gevaarlijk ADJ(prenom,basis,met-e,stan)	12650	414140687	77.5141
respectievelijk ADJ(vrij,basis,zonder)	12646	414153333	77.5164
blijken WW(inf,vrij,zonder)	12638	414165971	77.5188
Zuid-Afrika SPEC(deeleigen)	12638	414178609	77.5212
openen WW(inf,vrij,zonder)	12635	414191244	77.5235
do SPEC(vreemd)	12632	414203876	77.5259
daaraan BW()	12632	414216508	77.5283
missen WW(vd,vrij,zonder)	12629	414229137	77.5306
inclusief ADJ(vrij,basis,zonder)	12626	414241763	77.533
hiervan BW()	12621	414254384	77.5354
scheiding N(soort,ev,basis,zijd,stan)	12618	414267002	77.5377
daling N(soort,ev,basis,zijd,stan)	12614	414279616	77.5401
handig ADJ(vrij,basis,zonder)	12610	414292226	77.5424
brussels ADJ(prenom,basis,zonder)	12606	414304832	77.5448
term N(soort,ev,basis,zijd,stan)	12599	414317431	77.5472
massaal ADJ(vrij,basis,zonder)	12598	414330029	77.5495
uitdaging N(soort,ev,basis,zijd,stan)	12597	414342626	77.5519
toepassen WW(vd,vrij,zonder)	12591	414355217	77.5542
effectief ADJ(vrij,basis,zonder)	12581	414367798	77.5566
uitstel N(soort,ev,basis,onz,stan)	12579	414380377	77.5589
verspreid WW(vd,vrij,zonder)	12574	414392951	77.5613
1981 TW(hoofd,vrij)	12572	414405523	77.5637
vierkant ADJ(prenom,basis,met-e,stan)	12568	414418091	77.566
geslacht N(soort,ev,basis,onz,stan)	12567	414430658	77.5684
toestel N(soort,ev,basis,onz,stan)	12564	414443222	77.5707
halen WW(pv,tgw,ev)	12555	414455777	77.5731
H. SPEC(deeleigen)	12553	414468330	77.5754
dienen WW(inf,vrij,zonder)	12547	414480877	77.5778
aankoop N(soort,ev,basis,zijd,stan)	12545	414493422	77.5801
lied N(soort,mv,dim)	12544	414505966	77.5825
grondgebied N(soort,ev,basis,onz,stan)	12539	414518505	77.5848
1000 TW(hoofd,prenom,stan)	12529	414531034	77.5871
klein ADJ(vrij,comp,zonder)	12526	414543560	77.5895
automatisch ADJ(vrij,basis,zonder)	12522	414556082	77.5918
lezen WW(pv,verl,ev)	12520	414568602	77.5942
draad N(soort,ev,basis,zijd,stan)	12519	414581121	77.5965
professioneel ADJ(prenom,basis,met-e,stan)	12511	414593632	77.5989
C. SPEC(deeleigen)	12511	414606143	77.6012
vak N(soort,ev,basis,onz,stan)	12507	414618650	77.6035
minister-president N(soort,ev,basis,zijd,stan)	12492	414631142	77.6059
knap ADJ(vrij,basis,zonder)	12490	414643632	77.6082
oordeel N(soort,ev,basis,onz,stan)	12482	414656114	77.6106
heilig ADJ(prenom,basis,met-e,stan)	12479	414668593	77.6129
socialistisch ADJ(prenom,basis,met-e,stan)	12472	414681065	77.6152
der BW()	12471	414693536	77.6176
cm N(soort,ev,basis,zijd,stan)	12471	414706007	77.6199
taal N(soort,mv,basis)	12470	414718477	77.6222
elektronisch ADJ(prenom,basis,met-e,stan)	12469	414730946	77.6246
eens ADJ(vrij,basis,zonder)	12467	414743413	77.6269
Obama SPEC(deeleigen)	12456	414755869	77.6292
drama N(soort,ev,basis,onz,stan)	12455	414768324	77.6316
duur ADJ(vrij,comp,zonder)	12451	414780775	77.6339
verdenken WW(vd,vrij,zonder)	12446	414793221	77.6362
direct ADJ(prenom,basis,met-e,stan)	12445	414805666	77.6385
les N(soort,mv,basis)	12443	414818109	77.6409
enigszins BW()	12438	414830547	77.6432
hout N(soort,ev,basis,onz,stan)	12432	414842979	77.6455
vanochtend BW()	12427	414855406	77.6479
kennen WW(vd,vrij,zonder)	12426	414867832	77.6502
Christophe SPEC(deeleigen)	12426	414880258	77.6525
your SPEC(vreemd)	12425	414892683	77.6548
document N(soort,mv,basis)	12421	414905104	77.6572
Oudenaarde SPEC(deeleigen)	12416	414917520	77.6595
vestigen WW(vd,vrij,zonder)	12415	414929935	77.6618
pad N(soort,ev,basis,onz,stan)	12409	414942344	77.6641
vertrekken WW(pv,tgw,met-t)	12407	414954751	77.6664
37 TW(hoofd,vrij)	12399	414967150	77.6688
waaruit BW()	12390	414979540	77.6711
best ADJ(nom,sup,zonder,zonder-n)	12389	414991929	77.6734
zetel N(soort,ev,basis,zijd,stan)	12374	415004303	77.6757
starten WW(pv,tgw,ev)	12374	415016677	77.678
instituut N(soort,ev,basis,onz,stan)	12373	415029050	77.6804
gauw ADJ(vrij,basis,zonder)	12373	415041423	77.6827
loon N(soort,ev,basis,onz,stan)	12372	415053795	77.685
onzin N(soort,ev,basis,zijd,stan)	12366	415066161	77.6873
constant ADJ(vrij,basis,zonder)	12351	415078512	77.6896
arabisch ADJ(prenom,basis,met-e,stan)	12343	415090855	77.6919
kijken WW(pv,tgw,mv)	12342	415103197	77.6942
fietsen WW(inf,vrij,zonder)	12341	415115538	77.6965
ambitie N(soort,ev,basis,zijd,stan)	12336	415127874	77.6989
zender N(soort,ev,basis,zijd,stan)	12334	415140208	77.7012
diefstal N(soort,ev,basis,zijd,stan)	12329	415152537	77.7035
video N(soort,ev,basis,zijd,stan)	12317	415164854	77.7058
eenvoudig ADJ(prenom,basis,met-e,stan)	12311	415177165	77.7081
negen TW(hoofd,vrij)	12309	415189474	77.7104
controleren WW(inf,vrij,zonder)	12308	415201782	77.7127
VTM SPEC(deeleigen)	12308	415214090	77.715
ring N(soort,ev,basis,zijd,stan)	12304	415226394	77.7173
kartel N(soort,ev,basis,onz,stan)	12298	415238692	77.7196
uitgaaf N(soort,mv,basis)	12296	415250988	77.7219
bondscoach N(soort,ev,basis,zijd,stan)	12295	415263283	77.7242
hetgeen VNW(betr,det,stan,nom,zonder,zonder-n)	12290	415275573	77.7265
Champions SPEC(deeleigen)	12289	415287862	77.7288
98 TW(hoofd,vrij)	12284	415300146	77.7311
geschikt ADJ(vrij,basis,zonder)	12276	415312422	77.7334
brief N(soort,mv,basis)	12275	415324697	77.7357
creëren WW(inf,vrij,zonder)	12271	415336968	77.738
leggen WW(pv,tgw,ev)	12270	415349238	77.7403
uniek ADJ(prenom,basis,met-e,stan)	12269	415361507	77.7426
voorschrift N(soort,mv,basis)	12265	415373772	77.7449
36 TW(hoofd,vrij)	12265	415386037	77.7472
wetenschapper N(soort,mv,basis)	12256	415398293	77.7495
g SPEC(symb)	12256	415410549	77.7518
fraude N(soort,ev,basis,zijd,stan)	12255	415422804	77.7541
correspondent N(soort,ev,basis,zijd,stan)	12245	415435049	77.7563
schot N(soort,ev,basis,onz,stan)	12242	415447291	77.7586
liggen WW(pv,verl,mv)	12238	415459529	77.7609
spijtig ADJ(vrij,basis,zonder)	12236	415471765	77.7632
patiënt N(soort,ev,basis,zijd,stan)	12236	415484001	77.7655
ontstaan WW(pv,tgw,met-t)	12232	415496233	77.7678
bezoeken WW(inf,vrij,zonder)	12227	415508460	77.7701
groeien WW(pv,verl,ev)	12212	415520672	77.7724
kortom BW()	12203	415532875	77.7747
btw N(soort,ev,basis,zijd,stan)	12197	415545072	77.7769
mede BW()	12195	415557267	77.7792
Canada SPEC(deeleigen)	12195	415569462	77.7815
Zaventem SPEC(deeleigen)	12192	415581654	77.7838
enerzijds BW()	12184	415593838	77.7861
schoon ADJ(vrij,basis,zonder)	12179	415606017	77.7883
Pakistan SPEC(deeleigen)	12178	415618195	77.7906
Witte SPEC(deeleigen)	12177	415630372	77.7929
Kosovo SPEC(deeleigen)	12177	415642549	77.7952
keren WW(pv,tgw,met-t)	12166	415654715	77.7975
hoog ADJ(prenom,basis,zonder)	12166	415666881	77.7997
fractie N(soort,ev,basis,zijd,stan)	12166	415679047	77.802
vlag N(soort,ev,basis,zijd,stan)	12165	415691212	77.8043
ziel N(soort,ev,basis,zijd,stan)	12164	415703376	77.8066
zwembad N(soort,ev,basis,onz,stan)	12160	415715536	77.8088
duren WW(pv,verl,ev)	12155	415727691	77.8111
7 SPEC(symb)	12153	415739844	77.8134
moed N(soort,ev,basis,zijd,stan)	12151	415751995	77.8157
relatie N(soort,mv,basis)	12146	415764141	77.8179
verdediger N(soort,ev,basis,zijd,stan)	12145	415776286	77.8202
stoppen WW(pv,tgw,ev)	12140	415788426	77.8225
breken WW(inf,vrij,zonder)	12137	415800563	77.8248
OCMW SPEC(deeleigen)	12134	415812697	77.827
waar ADJ(prenom,basis,met-e,stan)	12129	415824826	77.8293
wapen N(soort,ev,basis,onz,stan)	12125	415836951	77.8316
hoeven WW(pv,tgw,ev)	12122	415849073	77.8338
onzer ADJ(prenom,comp,zonder)	12117	415861190	77.8361
Cup SPEC(deeleigen)	12113	415873303	77.8384
Fransen SPEC(deeleigen)	12110	415885413	77.8406
u. N(soort,ev,basis,zijd,stan)	12104	415897517	77.8429
beschikken WW(inf,vrij,zonder)	12102	415909619	77.8452
score N(soort,ev,basis,zijd,stan)	12101	415921720	77.8474
eenheid N(soort,ev,basis,zijd,stan)	12100	415933820	77.8497
ster N(soort,ev,basis,zijd,stan)	12097	415945917	77.852
teveel VNW(onbep,grad,stan,vrij,zonder,basis)	12089	415958006	77.8542
fantastisch ADJ(vrij,basis,zonder)	12083	415970089	77.8565
breken WW(pv,verl,ev)	12079	415982168	77.8588
duel N(soort,ev,basis,onz,stan)	12078	415994246	77.861
stoel N(soort,ev,basis,zijd,stan)	12077	416006323	77.8633
Harry SPEC(deeleigen)	12076	416018399	77.8655
voertuig N(soort,mv,basis)	12073	416030472	77.8678
leveren WW(vd,vrij,zonder)	12068	416042540	77.87
begeleiding N(soort,ev,basis,zijd,stan)	12067	416054607	77.8723
goed ADJ(nom,basis,met-e,zonder-n,stan)	12062	416066669	77.8746
kopen WW(pv,tgw,met-t)	12060	416078729	77.8768
vinger N(soort,mv,basis)	12048	416090777	77.8791
hoog ADJ(prenom,comp,zonder)	12044	416102821	77.8813
bui N(soort,mv,basis)	12042	416114863	77.8836
stappen WW(pv,verl,ev)	12034	416126897	77.8858
honger N(soort,ev,basis,zijd,stan)	12034	416138931	77.8881
geleidelijk ADJ(vrij,basis,zonder)	12029	416150960	77.8903
congres N(soort,ev,basis,onz,stan)	12027	416162987	77.8926
tijdelijk ADJ(prenom,basis,met-e,stan)	12026	416175013	77.8948
overbrengen WW(vd,vrij,zonder)	12021	416187034	77.8971
1988 TW(hoofd,vrij)	12021	416199055	77.8993
pakken WW(pv,tgw,ev)	12017	416211072	77.9016
verschijnen WW(inf,vrij,zonder)	12014	416223086	77.9038
Sint-Niklaas SPEC(deeleigen)	12010	416235096	77.9061
gelukken WW(vd,vrij,zonder)	12003	416247099	77.9083
parking N(soort,ev,basis,zijd,stan)	12001	416259100	77.9106
religie N(soort,ev,basis,zijd,stan)	12000	416271100	77.9128
I SPEC(symb)	11995	416283095	77.9151
lezer N(soort,ev,basis,zijd,stan)	11991	416295086	77.9173
kracht N(soort,mv,basis)	11981	416307067	77.9196
rivier N(soort,ev,basis,zijd,stan)	11966	416319033	77.9218
werken WW(pv,tgw,ev)	11964	416330997	77.924
Leo SPEC(deeleigen)	11955	416342952	77.9263
beperken WW(inf,vrij,zonder)	11954	416354906	77.9285
vergelijken WW(inf,vrij,zonder)	11953	416366859	77.9308
gebruiken WW(pv,tgw,mv)	11949	416378808	77.933
racisme N(soort,ev,basis,onz,stan)	11946	416390754	77.9352
trekken WW(pv,verl,mv)	11945	416402699	77.9375
klinken WW(pv,verl,ev)	11940	416414639	77.9397
Ford SPEC(deeleigen)	11940	416426579	77.9419
Henin SPEC(deeleigen)	11930	416438509	77.9442
betekenen WW(inf,vrij,zonder)	11929	416450438	77.9464
appartement N(soort,ev,basis,onz,stan)	11923	416462361	77.9486
diep ADJ(prenom,basis,met-e,stan)	11921	416474282	77.9509
getuige N(soort,ev,basis,zijd,stan)	11920	416486202	77.9531
trend N(soort,ev,basis,zijd,stan)	11916	416498118	77.9553
verstand N(soort,ev,basis,onz,stan)	11914	416510032	77.9575
Markt SPEC(deeleigen)	11909	416521941	77.9598
generaal N(soort,ev,basis,zijd,stan)	11905	416533846	77.962
France SPEC(deeleigen)	11903	416545749	77.9642
erkenning N(soort,ev,basis,zijd,stan)	11901	416557650	77.9665
donker ADJ(prenom,basis,met-e,stan)	11897	416569547	77.9687
West-Vlaanderen SPEC(deeleigen)	11887	416581434	77.9709
kopen WW(pv,verl,ev)	11886	416593320	77.9731
negentig TW(hoofd,vrij)	11884	416605204	77.9754
danken WW(inf,vrij,zonder)	11883	416617087	77.9776
lijn N(soort,mv,basis)	11880	416628967	77.9798
nogmaals BW()	11870	416640837	77.982
Palestijnen SPEC(deeleigen)	11867	416652704	77.9843
super ADJ(vrij,basis,zonder)	11858	416664562	77.9865
industrieel ADJ(prenom,basis,met-e,stan)	11856	416676418	77.9887
dom ADJ(vrij,basis,zonder)	11854	416688272	77.9909
all SPEC(vreemd)	11852	416700124	77.9931
duur N(soort,ev,basis,zijd,stan)	11850	416711974	77.9953
toevoegen WW(vd,vrij,zonder)	11849	416723823	77.9976
kijken WW(vd,vrij,zonder)	11847	416735670	77.9998
tellen WW(pv,verl,ev)	11841	416747511	78.002
verdieping N(soort,ev,basis,zijd,stan)	11837	416759348	78.0042
hout ADJ(prenom,basis,zonder)	11836	416771184	78.0064
openen WW(pv,verl,ev)	11833	416783017	78.0086
fors ADJ(vrij,basis,zonder)	11829	416794846	78.0109
software N(soort,ev,basis,zijd,stan)	11827	416806673	78.0131
Olympische SPEC(deeleigen)	11822	416818495	78.0153
tabel N(soort,ev,basis,zijd,stan)	11819	416830314	78.0175
vormen WW(inf,vrij,zonder)	11814	416842128	78.0197
puur ADJ(prenom,basis,met-e,stan)	11808	416853936	78.0219
René SPEC(deeleigen)	11808	416865744	78.0241
Vincent SPEC(deeleigen)	11803	416877547	78.0263
zoeken WW(pv,tgw,mv)	11786	416889333	78.0285
richten WW(pv,tgw,ev)	11785	416901118	78.0307
par N(soort,ev,basis,zijd,stan)	11776	416912894	78.033
bijkomen WW(od,prenom,met-e)	11770	416924664	78.0352
zeventig TW(hoofd,vrij)	11769	416936433	78.0374
lukken WW(inf,vrij,zonder)	11768	416948201	78.0396
sturen WW(pv,verl,ev)	11763	416959964	78.0418
have SPEC(vreemd)	11763	416971727	78.044
vals ADJ(prenom,basis,met-e,stan)	11761	416983488	78.0462
uitstekend ADJ(prenom,basis,met-e,stan)	11752	416995240	78.0484
2,5 TW(hoofd,prenom,stan)	11752	417006992	78.0506
revolutie N(soort,ev,basis,zijd,stan)	11746	417018738	78.0528
2011 TW(hoofd,vrij)	11745	417030483	78.055
verdwijnen WW(pv,tgw,met-t)	11742	417042225	78.0572
tempo N(soort,ev,basis,onz,stan)	11740	417053965	78.0594
taak N(soort,mv,basis)	11738	417065703	78.0616
kloof N(soort,ev,basis,zijd,stan)	11738	417077441	78.0638
muur N(soort,mv,basis)	11732	417089173	78.0659
dienen WW(pv,tgw,mv)	11729	417100902	78.0681
werkzaamheid N(soort,mv,basis)	11722	417112624	78.0703
status N(soort,ev,basis,zijd,stan)	11721	417124345	78.0725
gooien WW(inf,vrij,zonder)	11713	417136058	78.0747
agent N(soort,ev,basis,zijd,stan)	11711	417147769	78.0769
dubbel ADJ(vrij,basis,zonder)	11709	417159478	78.0791
nadenken WW(inf,vrij,zonder)	11705	417171183	78.0813
begrijpen WW(pv,tgw,met-t)	11705	417182888	78.0835
prinses N(soort,ev,basis,zijd,stan)	11703	417194591	78.0857
geboorte N(soort,ev,basis,zijd,stan)	11703	417206294	78.0879
regio N(soort,mv,basis)	11700	417217994	78.0901
opmerkelijk ADJ(vrij,basis,zonder)	11683	417229677	78.0922
klimaat N(soort,ev,basis,onz,stan)	11682	417241359	78.0944
lengte N(soort,ev,basis,zijd,stan)	11681	417253040	78.0966
gezond ADJ(prenom,basis,met-e,stan)	11681	417264721	78.0988
werkgelegenheid N(soort,ev,basis,zijd,stan)	11679	417276400	78.101
illegaal ADJ(prenom,basis,met-e,stan)	11675	417288075	78.1032
verbetering N(soort,ev,basis,zijd,stan)	11671	417299746	78.1054
poezie N(soort,ev,basis,zijd,stan)	11671	417311417	78.1075
vereniging N(soort,mv,basis)	11670	417323087	78.1097
Theo SPEC(deeleigen)	11670	417334757	78.1119
interesseren WW(vd,vrij,zonder)	11664	417346421	78.1141
roken WW(inf,vrij,zonder)	11657	417358078	78.1163
bijeen BW()	11654	417369732	78.1185
noemen WW(pv,tgw,mv)	11653	417381385	78.1206
38 TW(hoofd,vrij)	11649	417393034	78.1228
mes N(soort,ev,basis,onz,stan)	11646	417404680	78.125
City SPEC(deeleigen)	11641	417416321	78.1272
R. SPEC(deeleigen)	11640	417427961	78.1294
toenmalig ADJ(prenom,basis,met-e,stan)	11639	417439600	78.1315
beloven WW(vd,vrij,zonder)	11634	417451234	78.1337
besluiten WW(pv,tgw,ev)	11629	417462863	78.1359
spannend ADJ(vrij,basis,zonder)	11621	417474484	78.1381
il SPEC(vreemd)	11620	417486104	78.1402
college N(soort,ev,basis,onz,stan)	11616	417497720	78.1424
Els SPEC(deeleigen)	11616	417509336	78.1446
exemplaar N(soort,mv,basis)	11611	417520947	78.1468
bende N(soort,ev,basis,zijd,stan)	11609	417532556	78.1489
artiest N(soort,mv,basis)	11607	417544163	78.1511
invoeren WW(vd,vrij,zonder)	11606	417555769	78.1533
werknemer N(soort,ev,basis,zijd,stan)	11605	417567374	78.1555
wijziging N(soort,ev,basis,zijd,stan)	11600	417578974	78.1576
onbekend ADJ(prenom,basis,met-e,stan)	11599	417590573	78.1598
beseffen WW(pv,tgw,met-t)	11597	417602170	78.162
manier N(soort,mv,basis)	11585	417613755	78.1641
Mieke SPEC(deeleigen)	11584	417625339	78.1663
Jacobs SPEC(deeleigen)	11582	417636921	78.1685
fruit N(soort,ev,basis,onz,stan)	11580	417648501	78.1706
limburgs ADJ(prenom,basis,met-e,stan)	11566	417660067	78.1728
cool ADJ(vrij,basis,zonder)	11566	417671633	78.175
landelijk ADJ(prenom,basis,met-e,stan)	11562	417683195	78.1771
Maandag SPEC(deeleigen)	11561	417694756	78.1793
voordien BW()	11554	417706310	78.1815
origineel ADJ(prenom,basis,met-e,stan)	11553	417717863	78.1836
doden WW(vd,vrij,zonder)	11549	417729412	78.1858
bekendmaken WW(vd,vrij,zonder)	11542	417740954	78.1879
Mexico SPEC(deeleigen)	11542	417752496	78.1901
Ann SPEC(deeleigen)	11541	417764037	78.1923
oorspronkelijk ADJ(vrij,basis,zonder)	11533	417775570	78.1944
lopen WW(vd,vrij,zonder)	11532	417787102	78.1966
binnenlands ADJ(prenom,basis,met-e,stan)	11530	417798632	78.1987
management N(soort,ev,basis,onz,stan)	11526	417810158	78.2009
aankondigen WW(vd,vrij,zonder)	11524	417821682	78.203
zitten WW(vd,vrij,zonder)	11522	417833204	78.2052
enthousiast ADJ(vrij,basis,zonder)	11518	417844722	78.2074
terrorisme N(soort,ev,basis,onz,stan)	11515	417856237	78.2095
doorgaan WW(inf,vrij,zonder)	11513	417867750	78.2117
beginnen WW(pv,tgw,ev)	11509	417879259	78.2138
scherp ADJ(vrij,basis,zonder)	11507	417890766	78.216
NMBS SPEC(deeleigen)	11503	417902269	78.2181
Westen SPEC(deeleigen)	11502	417913771	78.2203
zelfmoord N(soort,ev,basis,zijd,stan)	11500	417925271	78.2224
beweren WW(pv,tgw,met-t)	11500	417936771	78.2246
sterven WW(pv,verl,ev)	11495	417948266	78.2267
slagen WW(inf,vrij,zonder)	11477	417959743	78.2289
jawel N(soort,ev,basis,zijd,stan)	11471	417971214	78.231
Sp. SPEC(deeleigen)	11468	417982682	78.2332
zoon N(soort,ev,dim,onz,stan)	11466	417994148	78.2353
zoeken WW(pv,verl,ev)	11462	418005610	78.2375
verkopen WW(pv,tgw,met-t)	11462	418017072	78.2396
degene VNW(aanw,det,stan,nom,met-e,zonder-n)	11459	418028531	78.2418
Olivier SPEC(deeleigen)	11454	418039985	78.2439
dé LID(bep,stan,rest)	11445	418051430	78.2461
definitief ADJ(prenom,basis,met-e,stan)	11441	418062871	78.2482
kleding N(soort,ev,basis,zijd,stan)	11439	418074310	78.2503
domein N(soort,ev,basis,onz,stan)	11432	418085742	78.2525
ontbreken WW(pv,tgw,met-t)	11416	418097158	78.2546
120 TW(hoofd,prenom,stan)	11415	418108573	78.2567
rap ADJ(vrij,basis,zonder)	11413	418119986	78.2589
lidstaat N(soort,ev,basis,zijd,stan)	11413	418131399	78.261
topman N(soort,ev,basis,zijd,stan)	11409	418142808	78.2632
ziekenhuis N(soort,mv,basis)	11407	418154215	78.2653
gemeentelijk ADJ(prenom,basis,met-e,stan)	11405	418165620	78.2674
bevoegdheid N(soort,mv,basis)	11389	418177009	78.2696
ondernemer N(soort,mv,basis)	11381	418188390	78.2717
hedendaags ADJ(prenom,basis,met-e,stan)	11381	418199771	78.2738
Jef SPEC(deeleigen)	11377	418211148	78.2759
Di SPEC(deeleigen)	11376	418222524	78.2781
wonen WW(pv,verl,ev)	11374	418233898	78.2802
vanzelf BW()	11373	418245271	78.2823
mensenrecht N(soort,mv,basis)	11367	418256638	78.2845
beroemd ADJ(prenom,basis,met-e,stan)	11364	418268002	78.2866
uitsluiten WW(vd,vrij,zonder)	11362	418279364	78.2887
pink N(soort,ev,basis,zijd,stan)	11362	418290726	78.2908
verkiezen WW(vd,vrij,zonder)	11361	418302087	78.293
hoofdstuk N(soort,ev,basis,onz,stan)	11360	418313447	78.2951
pleiten WW(pv,tgw,ev)	11359	418324806	78.2972
flink ADJ(prenom,basis,met-e,stan)	11359	418336165	78.2993
midden BW()	11356	418347521	78.3015
definitie N(soort,ev,basis,zijd,stan)	11354	418358875	78.3036
allicht BW()	11352	418370227	78.3057
noemen WW(vd,prenom,met-e)	11351	418381578	78.3078
controle N(soort,mv,basis)	11351	418392929	78.31
maximum N(soort,ev,basis,onz,stan)	11349	418404278	78.3121
duidelijkheid N(soort,ev,basis,zijd,stan)	11344	418415622	78.3142
8 SPEC(symb)	11338	418426960	78.3163
brengen WW(pv,verl,mv)	11331	418438291	78.3185
schat N(soort,ev,basis,zijd,stan)	11326	418449617	78.3206
uitleggen WW(inf,vrij,zonder)	11324	418460941	78.3227
euh TSW()	11318	418472259	78.3248
gedeeltelijk ADJ(vrij,basis,zonder)	11313	418483572	78.3269
c SPEC(symb)	11313	418494885	78.3291
fan N(soort,ev,basis,zijd,stan)	11307	418506192	78.3312
verhogen WW(inf,vrij,zonder)	11301	418517493	78.3333
bellen WW(pv,tgw,ev)	11298	418528791	78.3354
bevestigen WW(pv,tgw,met-t)	11295	418540086	78.3375
dienen WW(pv,verl,ev)	11293	418551379	78.3396
Antwerp SPEC(deeleigen)	11290	418562669	78.3417
weten WW(vd,vrij,zonder)	11272	418573941	78.3438
wat VNW(excl,pron,stan,vol,3,getal)	11265	418585206	78.346
fel ADJ(vrij,basis,zonder)	11259	418596465	78.3481
invoering N(soort,ev,basis,zijd,stan)	11255	418607720	78.3502
pools ADJ(prenom,basis,met-e,stan)	11254	418618974	78.3523
betrappen WW(vd,vrij,zonder)	11254	418630228	78.3544
Beerschot SPEC(deeleigen)	11253	418641481	78.3565
laat ADJ(prenom,basis,met-e,stan)	11249	418652730	78.3586
III SPEC(deeleigen)	11243	418663973	78.3607
onafhankelijk ADJ(vrij,basis,zonder)	11229	418675202	78.3628
subsidie N(soort,mv,basis)	11228	418686430	78.3649
I SPEC(deeleigen)	11209	418697639	78.367
this SPEC(vreemd)	11206	418708845	78.3691
onderhoud N(soort,ev,basis,onz,stan)	11192	418720037	78.3712
seizoen N(soort,mv,basis)	11183	418731220	78.3733
durven WW(pv,tgw,met-t)	11183	418742403	78.3754
vangen WW(inf,vrij,zonder)	11181	418753584	78.3775
stappen WW(pv,tgw,met-t)	11175	418764759	78.3796
kennelijk ADJ(vrij,basis,zonder)	11175	418775934	78.3817
ontzettend ADJ(vrij,basis,zonder)	11174	418787108	78.3837
eisen WW(pv,tgw,met-t)	11174	418798282	78.3858
10.000 TW(hoofd,prenom,stan)	11173	418809455	78.3879
buit N(soort,ev,basis,zijd,stan)	11172	418820627	78.39
Rode SPEC(deeleigen)	11172	418831799	78.3921
kampioenschap N(soort,ev,basis,onz,stan)	11167	418842966	78.3942
namiddag N(soort,ev,basis,zijd,stan)	11166	418854132	78.3963
mobiel ADJ(prenom,basis,met-e,stan)	11165	418865297	78.3984
Henk SPEC(deeleigen)	11161	418876458	78.4005
vechten WW(inf,vrij,zonder)	11159	418887617	78.4026
god N(soort,ev,basis,zijd,stan)	11159	418898776	78.4046
inzicht N(soort,ev,basis,onz,stan)	11156	418909932	78.4067
lezer N(soort,mv,basis)	11155	418921087	78.4088
V. SPEC(deeleigen)	11152	418932239	78.4109
onderwerp N(soort,mv,basis)	11150	418943389	78.413
tweemaal BW()	11149	418954538	78.4151
betalen WW(pv,tgw,mv)	11147	418965685	78.4172
Roland SPEC(deeleigen)	11147	418976832	78.4193
trainen WW(inf,vrij,zonder)	11146	418987978	78.4213
42 TW(hoofd,vrij)	11143	418999121	78.4234
handicap N(soort,ev,basis,zijd,stan)	11141	419010262	78.4255
jong ADJ(prenom,comp,met-e,stan)	11138	419021400	78.4276
deelnemen WW(inf,vrij,zonder)	11136	419032536	78.4297
belachelijk ADJ(vrij,basis,zonder)	11136	419043672	78.4318
15.00 SPEC(symb)	11133	419054805	78.4339
dank N(soort,ev,basis,zijd,stan)	11132	419065937	78.4359
RC SPEC(deeleigen)	11128	419077065	78.438
gulden N(soort,ev,basis,zijd,stan)	11120	419088185	78.4401
Clijsters SPEC(deeleigen)	11116	419099301	78.4422
controleren WW(vd,vrij,zonder)	11109	419110410	78.4443
context N(soort,ev,basis,zijd,stan)	11107	419121517	78.4463
Standaard SPEC(deeleigen)	11107	419132624	78.4484
jongeman N(soort,ev,basis,zijd,stan)	11103	419143727	78.4505
66 TW(hoofd,vrij)	11101	419154828	78.4526
literair ADJ(prenom,basis,met-e,stan)	11098	419165926	78.4546
gemeenteraadsverkiezing N(soort,mv,basis)	11098	419177024	78.4567
KBC SPEC(deeleigen)	11098	419188122	78.4588
Philips SPEC(deeleigen)	11092	419199214	78.4609
love SPEC(vreemd)	11087	419210301	78.463
leren WW(pv,verl,ev)	11086	419221387	78.465
blok N(soort,ev,basis,onz,stan)	11085	419232472	78.4671
Dedecker SPEC(deeleigen)	11084	419243556	78.4692
voorjaar N(soort,ev,basis,onz,stan)	11075	419254631	78.4713
zestig TW(hoofd,prenom,stan)	11070	419265701	78.4733
Brazilië SPEC(deeleigen)	11066	419276767	78.4754
opbrengst N(soort,ev,basis,zijd,stan)	11063	419287830	78.4775
stress N(soort,ev,basis,zijd,stan)	11055	419298885	78.4795
durven WW(inf,vrij,zonder)	11055	419309940	78.4816
overleven WW(inf,vrij,zonder)	11050	419320990	78.4837
uur N(soort,mv,basis)	11047	419332037	78.4857
uitzending N(soort,ev,basis,zijd,stan)	11047	419343084	78.4878
kopen WW(pv,tgw,ev)	11045	419354129	78.4899
bepalen WW(pv,tgw,met-t)	11045	419365174	78.4919
activiteit N(soort,ev,basis,zijd,stan)	11045	419376219	78.494
job N(soort,mv,basis)	11040	419387259	78.4961
administratief ADJ(prenom,basis,met-e,stan)	11040	419398299	78.4981
starten WW(pv,verl,ev)	11039	419409338	78.5002
reizen WW(inf,vrij,zonder)	11038	419420376	78.5023
horen WW(pv,tgw,mv)	11036	419431412	78.5043
ontwikkeling N(soort,mv,basis)	11034	419442446	78.5064
fonds N(soort,ev,basis,onz,stan)	11034	419453480	78.5085
leeg ADJ(prenom,basis,met-e,stan)	11033	419464513	78.5105
Nico SPEC(deeleigen)	11033	419475546	78.5126
E. SPEC(deeleigen)	11026	419486572	78.5147
denken WW(pv,verl,mv)	11023	419497595	78.5167
vrijwilliger N(soort,mv,basis)	11006	419508601	78.5188
Alex SPEC(deeleigen)	10991	419519592	78.5208
nek N(soort,ev,basis,zijd,stan)	10990	419530582	78.5229
You SPEC(vreemd)	10990	419541572	78.525
adem N(soort,ev,basis,zijd,stan)	10985	419552557	78.527
weinig VNW(onbep,grad,stan,nom,met-e,zonder-n,sup)	10979	419563536	78.5291
vent N(soort,ev,basis,zijd,stan)	10978	419574514	78.5311
reputatie N(soort,ev,basis,zijd,stan)	10967	419585481	78.5332
inflatie N(soort,ev,basis,zijd,stan)	10965	419596446	78.5352
hierover BW()	10959	419607405	78.5373
antwoorden WW(pv,verl,ev)	10957	419618362	78.5393
bevoegd ADJ(prenom,basis,met-e,stan)	10952	419629314	78.5414
verklaren WW(inf,vrij,zonder)	10951	419640265	78.5434
liberaal N(soort,mv,basis)	10951	419651216	78.5455
Ieper SPEC(deeleigen)	10950	419662166	78.5475
verandering N(soort,mv,basis)	10948	419673114	78.5496
toernooi N(soort,ev,basis,onz,stan)	10941	419684055	78.5516
kamer N(soort,mv,basis)	10939	419694994	78.5537
Laurent SPEC(deeleigen)	10938	419705932	78.5557
gebruiken WW(pv,tgw,met-t)	10936	419716868	78.5578
trouwen WW(inf,vrij,zonder)	10931	419727799	78.5598
althans BW()	10929	419738728	78.5619
herstel N(soort,ev,basis,onz,stan)	10928	419749656	78.5639
dialoog N(soort,ev,basis,zijd,stan)	10927	419760583	78.566
Reynders SPEC(deeleigen)	10926	419771509	78.568
oplossing N(soort,mv,basis)	10921	419782430	78.57
1987 TW(hoofd,vrij)	10920	419793350	78.5721
verwonding N(soort,mv,basis)	10919	419804269	78.5741
uitstekend ADJ(vrij,basis,zonder)	10919	419815188	78.5762
delen WW(inf,vrij,zonder)	10917	419826105	78.5782
lukken WW(pv,verl,ev)	10915	419837020	78.5803
1980 TW(hoofd,vrij)	10915	419847935	78.5823
vertraging N(soort,ev,basis,zijd,stan)	10912	419858847	78.5843
actief ADJ(prenom,basis,met-e,stan)	10911	419869758	78.5864
Max SPEC(deeleigen)	10911	419880669	78.5884
scenario N(soort,ev,basis,onz,stan)	10904	419891573	78.5905
realiseren WW(inf,vrij,zonder)	10897	419902470	78.5925
Simon SPEC(deeleigen)	10896	419913366	78.5945
daaruit BW()	10894	419924260	78.5966
omvang N(soort,ev,basis,zijd,stan)	10893	419935153	78.5986
kanker N(soort,ev,basis,zijd,stan)	10891	419946044	78.6007
melden WW(inf,vrij,zonder)	10888	419956932	78.6027
vakbond N(soort,ev,basis,zijd,stan)	10880	419967812	78.6047
dragen WW(pv,verl,ev)	10876	419978688	78.6068
miss SPEC(vreemd)	10870	419989558	78.6088
klagen WW(inf,vrij,zonder)	10865	420000423	78.6108
argument N(soort,mv,basis)	10856	420011279	78.6129
deelname N(soort,ev,basis,zijd,stan)	10855	420022134	78.6149
afval N(soort,ev,basis,onz,stan)	10853	420032987	78.6169
signaal N(soort,ev,basis,onz,stan)	10850	420043837	78.619
perfect ADJ(prenom,basis,met-e,stan)	10845	420054682	78.621
beloven WW(pv,tgw,met-t)	10840	420065522	78.623
Maarten SPEC(deeleigen)	10840	420076362	78.6251
ontvangen WW(pv,tgw,met-t)	10837	420087199	78.6271
Microsoft SPEC(deeleigen)	10837	420098036	78.6291
echtgenote N(soort,ev,basis,zijd,stan)	10835	420108871	78.6311
& LET()	10834	420119705	78.6332
methode N(soort,ev,basis,zijd,stan)	10824	420130529	78.6352
laten WW(vd,vrij,zonder)	10824	420141353	78.6372
laat ADJ(prenom,comp,met-e,stan)	10823	420152176	78.6392
acteur N(soort,mv,basis)	10821	420162997	78.6413
druk ADJ(prenom,basis,met-e,stan)	10820	420173817	78.6433
2de TW(rang,prenom,stan)	10817	420184634	78.6453
asielzoeker N(soort,mv,basis)	10813	420195447	78.6473
03 SPEC(symb)	10811	420206258	78.6494
33 TW(hoofd,prenom,stan)	10810	420217068	78.6514
poging N(soort,mv,basis)	10809	420227877	78.6534
model N(soort,mv,basis)	10806	420238683	78.6554
afspreken WW(vd,vrij,zonder)	10805	420249488	78.6575
Moeskroen SPEC(deeleigen)	10805	420260293	78.6595
wens N(soort,ev,basis,zijd,stan)	10799	420271092	78.6615
herstellen WW(inf,vrij,zonder)	10784	420281876	78.6635
Museum SPEC(deeleigen)	10782	420292658	78.6655
lossen WW(inf,vrij,zonder)	10780	420303438	78.6676
pauze N(soort,ev,basis,zijd,stan)	10774	420314212	78.6696
breed ADJ(vrij,basis,zonder)	10773	420324985	78.6716
scherm N(soort,ev,basis,onz,stan)	10767	420335752	78.6736
Heer SPEC(deeleigen)	10765	420346517	78.6756
vieren WW(inf,vrij,zonder)	10763	420357280	78.6776
wie VNW(vb,pron,gen,vol,3m,ev)	10760	420368040	78.6796
zacht ADJ(vrij,basis,zonder)	10759	420378799	78.6817
verwijderen WW(vd,vrij,zonder)	10759	420389558	78.6837
sturen WW(pv,tgw,met-t)	10755	420400313	78.6857
drank N(soort,ev,basis,zijd,stan)	10745	420411058	78.6877
vrachtwagen N(soort,mv,basis)	10742	420421800	78.6897
verslaggever N(soort,ev,basis,zijd,stan)	10734	420432534	78.6917
ruil N(soort,ev,basis,zijd,stan)	10734	420443268	78.6937
goal N(soort,mv,basis)	10734	420454002	78.6957
miljoen TW(hoofd,prenom,stan)	10731	420464733	78.6977
beurs N(soort,mv,basis)	10716	420475449	78.6998
gouverneur N(soort,ev,basis,zijd,stan)	10714	420486163	78.7018
BBC SPEC(deeleigen)	10709	420496872	78.7038
Azië SPEC(deeleigen)	10704	420507576	78.7058
slagen WW(pv,verl,ev)	10701	420518277	78.7078
cursus N(soort,ev,basis,zijd,stan)	10701	420528978	78.7098
wonen WW(pv,tgw,ev)	10688	420539666	78.7118
studio N(soort,ev,basis,zijd,stan)	10687	420550353	78.7138
lijden WW(inf,vrij,zonder)	10687	420561040	78.7158
beslissen WW(pv,verl,ev)	10687	420571727	78.7178
27 TW(hoofd,prenom,stan)	10686	420582413	78.7198
Marokko SPEC(deeleigen)	10685	420593098	78.7218
Sarah SPEC(deeleigen)	10678	420603776	78.7238
from SPEC(vreemd)	10675	420614451	78.7258
overeenkomstig ADJ(vrij,basis,zonder)	10674	420625125	78.7278
bepalen WW(vd,prenom,met-e)	10674	420635799	78.7298
nieuw ADJ(prenom,sup,met-e,stan)	10673	420646472	78.7318
bedreigen WW(vd,vrij,zonder)	10666	420657138	78.7338
elftal N(soort,ev,basis,onz,stan)	10664	420667802	78.7358
Christus SPEC(deeleigen)	10663	420678465	78.7377
ce SPEC(vreemd)	10657	420689122	78.7397
droom N(soort,mv,basis)	10654	420699776	78.7417
volgen WW(pv,tgw,ev)	10649	420710425	78.7437
figuur N(soort,ev,basis,zijd,stan)	10648	420721073	78.7457
franstalig ADJ(nom,basis,met-e,mv-n)	10643	420731716	78.7477
fenomeen N(soort,ev,basis,onz,stan)	10638	420742354	78.7497
onvoldoend ADJ(vrij,basis,zonder)	10637	420752991	78.7517
medewerker N(soort,ev,basis,zijd,stan)	10631	420763622	78.7537
initiatief N(soort,mv,basis)	10631	420774253	78.7557
Blair SPEC(deeleigen)	10619	420784872	78.7577
typisch ADJ(vrij,basis,zonder)	10615	420795487	78.7597
steen N(soort,ev,basis,zijd,stan)	10612	420806099	78.7616
Alexander SPEC(deeleigen)	10606	420816705	78.7636
doelstelling N(soort,mv,basis)	10603	420827308	78.7656
degene VNW(aanw,det,stan,nom,met-e,mv-n)	10588	420837896	78.7676
correct ADJ(vrij,basis,zonder)	10586	420848482	78.7696
uitnodigen WW(vd,vrij,zonder)	10585	420859067	78.7716
match N(soort,mv,basis)	10578	420869645	78.7735
zeven TW(rang,prenom,stan)	10577	420880222	78.7755
succesvol ADJ(prenom,basis,met-e,stan)	10568	420890790	78.7775
geen VNW(onbep,det,dial)	10561	420901351	78.7795
plant N(soort,ev,basis,zijd,stan)	10560	420911911	78.7814
dwingen WW(vd,vrij,zonder)	10555	420922466	78.7834
Post SPEC(deeleigen)	10554	420933020	78.7854
tocht N(soort,ev,basis,zijd,stan)	10551	420943571	78.7874
kijker N(soort,ev,basis,zijd,stan)	10546	420954117	78.7893
VK SPEC(deeleigen)	10544	420964661	78.7913
Woensdag SPEC(deeleigen)	10542	420975203	78.7933
back SPEC(vreemd)	10540	420985743	78.7953
aankomst N(soort,ev,basis,zijd,stan)	10536	420996279	78.7972
twaalf TW(hoofd,vrij)	10532	421006811	78.7992
Huis SPEC(deeleigen)	10531	421017342	78.8012
verlopen WW(pv,tgw,met-t)	10526	421027868	78.8031
voetballen WW(inf,vrij,zonder)	10525	421038393	78.8051
da's N(soort,mv,basis)	10509	421048902	78.8071
schieten WW(inf,vrij,zonder)	10508	421059410	78.809
negatief ADJ(vrij,basis,zonder)	10505	421069915	78.811
bovenop BW()	10505	421080420	78.813
uitzicht N(soort,ev,basis,onz,stan)	10504	421090924	78.8149
papier N(soort,mv,basis)	10503	421101427	78.8169
voeding N(soort,ev,basis,zijd,stan)	10502	421111929	78.8189
oud ADJ(nom,comp,met-e,mv-n)	10502	421122431	78.8208
ticket N(soort,mv,basis)	10501	421132932	78.8228
65 TW(hoofd,prenom,stan)	10498	421143430	78.8248
haat N(soort,ev,basis,zijd,stan)	10497	421153927	78.8267
Top SPEC(deeleigen)	10494	421164421	78.8287
bedoelen WW(vd,prenom,met-e)	10493	421174914	78.8307
gen WW(pv,tgw,met-t)	10488	421185402	78.8326
dame N(soort,ev,basis,zijd,stan)	10488	421195890	78.8346
fax N(soort,ev,basis,zijd,stan)	10486	421206376	78.8366
landschap N(soort,ev,basis,onz,stan)	10485	421216861	78.8385
uiterlijk N(soort,ev,basis,onz,stan)	10484	421227345	78.8405
getuige N(soort,mv,basis)	10474	421237819	78.8424
noodzaak N(soort,ev,basis,zijd,stan)	10467	421248286	78.8444
bewijzen WW(pv,tgw,met-t)	10463	421258749	78.8464
argument N(soort,ev,basis,onz,stan)	10463	421269212	78.8483
staatshervorming N(soort,ev,basis,zijd,stan)	10462	421279674	78.8503
historisch ADJ(prenom,basis,zonder)	10461	421290135	78.8522
herstellen WW(vd,vrij,zonder)	10455	421300590	78.8542
thema N(soort,mv,basis)	10454	421311044	78.8561
Davy SPEC(deeleigen)	10454	421321498	78.8581
Opel SPEC(deeleigen)	10450	421331948	78.8601
schilderij N(soort,mv,basis)	10449	421342397	78.862
tand N(soort,mv,basis)	10448	421352845	78.864
hahaha N(soort,ev,basis,zijd,stan)	10447	421363292	78.8659
privé ADJ(vrij,basis,zonder)	10446	421373738	78.8679
vergelijken WW(vd,vrij,zonder)	10445	421384183	78.8698
socialist N(soort,mv,basis)	10444	421394627	78.8718
Sint-Truiden SPEC(deeleigen)	10444	421405071	78.8737
voeren WW(pv,verl,ev)	10438	421415509	78.8757
middenvelder N(soort,ev,basis,zijd,stan)	10438	421425947	78.8777
temperatuur N(soort,ev,basis,zijd,stan)	10437	421436384	78.8796
1985 TW(hoofd,vrij)	10431	421446815	78.8816
M SPEC(deeleigen)	10427	421457242	78.8835
zoektocht N(soort,ev,basis,zijd,stan)	10425	421467667	78.8855
paniek N(soort,ev,basis,zijd,stan)	10424	421478091	78.8874
draaien WW(pv,verl,ev)	10422	421488513	78.8894
Marie SPEC(deeleigen)	10422	421498935	78.8913
keren WW(inf,vrij,zonder)	10420	421509355	78.8933
up SPEC(vreemd)	10418	421519773	78.8952
journaal N(soort,ev,basis,onz,stan)	10412	421530185	78.8972
Mohammed SPEC(deeleigen)	10409	421540594	78.8991
Racing SPEC(deeleigen)	10407	421551001	78.9011
paard N(soort,mv,basis)	10402	421561403	78.903
onderscheid N(soort,ev,basis,onz,stan)	10399	421571802	78.905
goedemorgen N(soort,mv,basis)	10397	421582199	78.9069
balans N(soort,ev,basis,zijd,stan)	10397	421592596	78.9088
meenemen WW(vd,vrij,zonder)	10392	421602988	78.9108
zestig TW(hoofd,vrij)	10384	421613372	78.9127
100 TW(hoofd,vrij)	10384	421623756	78.9147
pand N(soort,ev,basis,onz,stan)	10382	421634138	78.9166
technisch ADJ(prenom,basis,zonder)	10378	421644516	78.9186
opmerking N(soort,ev,basis,zijd,stan)	10373	421654889	78.9205
verdriet N(soort,ev,basis,onz,stan)	10370	421665259	78.9224
schouder N(soort,mv,basis)	10369	421675628	78.9244
criterium N(soort,mv,basis)	10364	421685992	78.9263
woede N(soort,ev,basis,zijd,stan)	10363	421696355	78.9283
Leeuw SPEC(deeleigen)	10363	421706718	78.9302
Europese SPEC(deeleigen)	10360	421717078	78.9321
aanvraag N(soort,ev,basis,zijd,stan)	10354	421727432	78.9341
advocaat N(soort,mv,basis)	10345	421737777	78.936
Halle SPEC(deeleigen)	10342	421748119	78.938
gebruiken WW(pv,verl,ev)	10341	421758460	78.9399
aspect N(soort,mv,basis)	10338	421768798	78.9418
Mol SPEC(deeleigen)	10334	421779132	78.9438
sector N(soort,mv,basis)	10331	421789463	78.9457
alternatief ADJ(prenom,basis,met-e,stan)	10329	421799792	78.9476
groente N(soort,mv,basis)	10327	421810119	78.9496
eindigen WW(pv,tgw,met-t)	10324	421820443	78.9515
tellen WW(inf,vrij,zonder)	10320	421830763	78.9534
trein N(soort,mv,basis)	10319	421841082	78.9554
massa N(soort,ev,basis,zijd,stan)	10318	421851400	78.9573
streng ADJ(prenom,basis,met-e,stan)	10316	421861716	78.9592
aanpassing N(soort,ev,basis,zijd,stan)	10316	421872032	78.9611
rijden WW(pv,tgw,mv)	10315	421882347	78.9631
Jeruzalem SPEC(deeleigen)	10312	421892659	78.965
extreem ADJ(vrij,basis,zonder)	10308	421902967	78.9669
Rudy SPEC(deeleigen)	10305	421913272	78.9689
incident N(soort,ev,basis,onz,stan)	10303	421923575	78.9708
zwitsers ADJ(prenom,basis,met-e,stan)	10302	421933877	78.9727
tijdschrift N(soort,ev,basis,onz,stan)	10301	421944178	78.9747
grondig ADJ(vrij,basis,zonder)	10298	421954476	78.9766
Belgacom SPEC(deeleigen)	10298	421964774	78.9785
enquête N(soort,ev,basis,zijd,stan)	10296	421975070	78.9804
brengen WW(pv,tgw,mv)	10292	421985362	78.9824
promotie N(soort,ev,basis,zijd,stan)	10287	421995649	78.9843
knap ADJ(prenom,basis,met-e,stan)	10287	422005936	78.9862
totdat VG(onder)	10286	422016222	78.9881
ontkennen WW(pv,tgw,met-t)	10278	422026500	78.9901
behalen WW(pv,verl,ev)	10276	422036776	78.992
Eva SPEC(deeleigen)	10270	422047046	78.9939
SV SPEC(deeleigen)	10268	422057314	78.9958
fors ADJ(prenom,basis,met-e,stan)	10265	422067579	78.9977
kapitein N(soort,ev,basis,zijd,stan)	10264	422077843	78.9997
Sint SPEC(deeleigen)	10254	422088097	79.0016
vervolg N(soort,ev,basis,onz,stan)	10251	422098348	79.0035
dragegen WW(vd,vrij,zonder)	10248	422108596	79.0054
schrijver N(soort,mv,basis)	10243	422118839	79.0073
referendum N(soort,ev,basis,onz,stan)	10239	422129078	79.0093
kast N(soort,ev,basis,zijd,stan)	10238	422139316	79.0112
deels ADJ(vrij,basis,zonder)	10234	422149550	79.0131
elf TW(hoofd,vrij)	10233	422159783	79.015
arbeid N(soort,ev,basis,zijd,stan)	10233	422170016	79.0169
voorzien WW(inf,vrij,zonder)	10231	422180247	79.0188
feest N(soort,ev,dim,onz,stan)	10226	422190473	79.0207
bestemmen WW(vd,vrij,zonder)	10223	422200696	79.0227
allochtoon ADJ(prenom,basis,met-e,stan)	10221	422210917	79.0246
43 TW(hoofd,vrij)	10221	422221138	79.0265
schoonheid N(soort,ev,basis,zijd,stan)	10216	422231354	79.0284
bedoelen WW(pv,tgw,met-t)	10215	422241569	79.0303
infrastructuur N(soort,ev,basis,zijd,stan)	10211	422251780	79.0322
gedicht N(soort,mv,basis)	10211	422261991	79.0341
ertoe BW()	10209	422272200	79.036
Athene SPEC(deeleigen)	10208	422282408	79.038
dom ADJ(prenom,basis,met-e,stan)	10199	422292607	79.0399
melden WW(pv,verl,ev)	10196	422302803	79.0418
echtgenoot N(soort,ev,basis,zijd,stan)	10194	422312997	79.0437
solidariteit N(soort,ev,basis,zijd,stan)	10193	422323190	79.0456
koud ADJ(prenom,basis,met-e,stan)	10177	422333367	79.0475
1986 TW(hoofd,vrij)	10175	422343542	79.0494
net ADJ(vrij,dim,zonder)	10173	422353715	79.0513
Christian SPEC(deeleigen)	10173	422363888	79.0532
Vilvoorde SPEC(deeleigen)	10172	422374060	79.0551
ver ADJ(prenom,basis,met-e,stan)	10167	422384227	79.057
missie N(soort,ev,basis,zijd,stan)	10167	422394394	79.0589
raar ADJ(prenom,basis,met-e,stan)	10165	422404559	79.0608
schieten WW(pv,verl,ev)	10161	422414720	79.0627
opmerking N(soort,mv,basis)	10161	422424881	79.0646
enzovoort BW()	10153	422435034	79.0665
Ali SPEC(deeleigen)	10153	422445187	79.0684
zaterdagavond N(soort,ev,basis,zijd,stan)	10149	422455336	79.0703
letter N(soort,mv,basis)	10149	422465485	79.0722
drukken WW(inf,vrij,zonder)	10149	422475634	79.0741
pa N(soort,ev,basis,zijd,stan)	10148	422485782	79.076
administratie N(soort,ev,basis,zijd,stan)	10146	422495928	79.0779
investering N(soort,ev,basis,zijd,stan)	10144	422506072	79.0798
tekenen WW(pv,verl,ev)	10143	422516215	79.0817
so SPEC(vreemd)	10141	422526356	79.0836
spreken WW(pv,tgw,ev)	10140	422536496	79.0855
seksueel ADJ(prenom,basis,met-e,stan)	10134	422546630	79.0874
verdwijnen WW(pv,verl,ev)	10130	422556760	79.0893
Torhout SPEC(deeleigen)	10128	422566888	79.0912
redden WW(vd,vrij,zonder)	10125	422577013	79.0931
vertegenwoordiger N(soort,mv,basis)	10124	422587137	79.095
helpen WW(pv,tgw,ev)	10123	422597260	79.0969
weigeren WW(pv,verl,ev)	10122	422607382	79.0988
optreden WW(inf,nom,zonder,zonder-n)	10122	422617504	79.1007
plein N(soort,ev,basis,onz,stan)	10121	422627625	79.1026
toegeven WW(inf,vrij,zonder)	10120	422637745	79.1045
hoogtepunt N(soort,ev,basis,onz,stan)	10120	422647865	79.1064
goedkoop ADJ(prenom,basis,met-e,stan)	10117	422657982	79.1083
herinnering N(soort,mv,basis)	10114	422668096	79.1101
speeldag N(soort,ev,basis,zijd,stan)	10103	422678199	79.112
Tongeren SPEC(deeleigen)	10103	422688302	79.1139
filosofie N(soort,ev,basis,zijd,stan)	10102	422698404	79.1158
evenveel TW(hoofd,prenom,stan)	10096	422708500	79.1177
misbruik N(soort,ev,basis,onz,stan)	10092	422718592	79.1196
verblijf N(soort,ev,basis,onz,stan)	10080	422728672	79.1215
afbeelding N(soort,ev,basis,zijd,stan)	10080	422738752	79.1234
eén TW(hoofd,nom,zonder-n,basis)	10078	422748830	79.1253
vijand N(soort,ev,basis,zijd,stan)	10069	422758899	79.1271
springen WW(inf,vrij,zonder)	10069	422768968	79.129
kerel N(soort,ev,basis,zijd,stan)	10065	422779033	79.1309
architect N(soort,ev,basis,zijd,stan)	10065	422789098	79.1328
concurrent N(soort,ev,basis,zijd,stan)	10057	422799155	79.1347
Amerikaan SPEC(deeleigen)	10055	422809210	79.1366
koers N(soort,mv,basis)	10053	422819263	79.1384
ieder VNW(onbep,det,stan,vrij,zonder)	10049	422829312	79.1403
vriendelijk ADJ(vrij,basis,zonder)	10042	422839354	79.1422
kaas N(soort,ev,basis,zijd,stan)	10042	422849396	79.1441
durven WW(pv,tgw,ev)	10037	422859433	79.146
PSV SPEC(deeleigen)	10036	422869469	79.1478
boek N(soort,ev,dim,onz,stan)	10033	422879502	79.1497
volksgezondheid N(soort,ev,basis,zijd,stan)	10029	422889531	79.1516
missen WW(pv,verl,ev)	10027	422899558	79.1535
Deinze SPEC(deeleigen)	10026	422909584	79.1553
aub SPEC(afk)	10019	422919603	79.1572
Real SPEC(deeleigen)	10019	422929622	79.1591
CVP SPEC(deeleigen)	10019	422939641	79.161
mode N(soort,ev,basis,zijd,stan)	10018	422949659	79.1628
keren WW(pv,verl,ev)	10014	422959673	79.1647
afkomst N(soort,ev,basis,zijd,stan)	10014	422969687	79.1666
dansen WW(inf,vrij,zonder)	10010	422979697	79.1685
bestemming N(soort,ev,basis,zijd,stan)	10010	422989707	79.1703
Vlaamse SPEC(deeleigen)	10008	422999715	79.1722
wettelijk ADJ(prenom,basis,met-e,stan)	9991	423009706	79.1741
leuvens ADJ(prenom,basis,met-e,stan)	9989	423019695	79.176
gevangen WW(vd,vrij,zonder)	9989	423029684	79.1778
33 TW(hoofd,vrij)	9989	423039673	79.1797
genre N(soort,ev,basis,onz,stan)	9988	423049661	79.1816
World SPEC(deeleigen)	9986	423059647	79.1834
Ierland SPEC(deeleigen)	9985	423069632	79.1853
kosten WW(inf,vrij,zonder)	9984	423079616	79.1872
centimeter N(soort,ev,basis,zijd,stan)	9979	423089595	79.189
zacht ADJ(prenom,basis,met-e,stan)	9971	423099566	79.1909
belga SPEC(deeleigen)	9971	423109537	79.1928
Frederik SPEC(deeleigen)	9970	423119507	79.1946
brengen WW(pv,tgw,ev)	9968	423129475	79.1965
$ SPEC(symb)	9968	423139443	79.1984
najaar N(soort,ev,basis,onz,stan)	9965	423149408	79.2002
studeren WW(inf,vrij,zonder)	9964	423159372	79.2021
vragen WW(pv,verl,mv)	9960	423169332	79.204
schrijven WW(pv,tgw,ev)	9960	423179292	79.2058
zwemmen WW(inf,vrij,zonder)	9957	423189249	79.2077
trekken WW(pv,tgw,ev)	9954	423199203	79.2096
bellen WW(vd,vrij,zonder)	9954	423209157	79.2114
aanpakken WW(vd,vrij,zonder)	9945	423219102	79.2133
merken WW(pv,tgw,met-t)	9940	423229042	79.2151
lang ADJ(prenom,comp,met-e,stan)	9940	423238982	79.217
vanop VZ(init)	9931	423248913	79.2189
bijeenkomst N(soort,ev,basis,zijd,stan)	9919	423258832	79.2207
leuk ADJ(prenom,basis,zonder)	9916	423268748	79.2226
bond N(soort,ev,basis,zijd,stan)	9914	423278662	79.2244
muzikaal ADJ(prenom,basis,met-e,stan)	9913	423288575	79.2263
merken WW(pv,verl,ev)	9912	423298487	79.2281
Jurgen SPEC(deeleigen)	9909	423308396	79.23
Gucht SPEC(deeleigen)	9909	423318305	79.2318
ontmoeting N(soort,ev,basis,zijd,stan)	9903	423328208	79.2337
28 TW(hoofd,prenom,stan)	9903	423338111	79.2356
eten WW(vd,vrij,zonder)	9901	423348012	79.2374
ok TSW()	9899	423357911	79.2393
spelen WW(pv,tgw,ev)	9898	423367809	79.2411
gemeenschappelijk ADJ(prenom,basis,zonder)	9895	423377704	79.243
weigeren WW(pv,tgw,met-t)	9894	423387598	79.2448
an VZ(fin)	9893	423397491	79.2467
zodanig ADJ(vrij,basis,zonder)	9892	423407383	79.2485
student N(soort,ev,basis,zijd,stan)	9891	423417274	79.2504
kg N(soort,ev,basis,zijd,stan)	9886	423427160	79.2522
ijs N(soort,ev,basis,onz,stan)	9884	423437044	79.2541
Claes SPEC(deeleigen)	9876	423446920	79.2559
pot N(soort,ev,basis,zijd,stan)	9864	423456784	79.2578
omstreeks VZ(init)	9863	423466647	79.2596
26 TW(hoofd,prenom,stan)	9863	423476510	79.2615
sterven WW(vd,vrij,zonder)	9858	423486368	79.2633
1,5 TW(hoofd,prenom,stan)	9855	423496223	79.2651
Oude SPEC(deeleigen)	9854	423506077	79.267
ik VNW(pers,pron,nomin,nadr,1,ev)	9839	423515916	79.2688
ei N(soort,mv,basis)	9839	423525755	79.2707
zwaar ADJ(prenom,basis,zonder)	9838	423535593	79.2725
Hitler SPEC(deeleigen)	9838	423545431	79.2744
Damme SPEC(deeleigen)	9837	423555268	79.2762
Gerard SPEC(deeleigen)	9835	423565103	79.278
schuld N(soort,mv,basis)	9830	423574933	79.2799
maken WW(inf,nom,zonder,zonder-n)	9829	423584762	79.2817
steken WW(vd,vrij,zonder)	9828	423594590	79.2836
leerkracht N(soort,mv,basis)	9828	423604418	79.2854
Jack SPEC(deeleigen)	9828	423614246	79.2872
arbeidsmarkt N(soort,ev,basis,zijd,stan)	9825	423624071	79.2891
arresteren WW(vd,vrij,zonder)	9821	423633892	79.2909
symbool N(soort,ev,basis,onz,stan)	9820	423643712	79.2927
1982 TW(hoofd,vrij)	9819	423653531	79.2946
elektriciteit N(soort,ev,basis,zijd,stan)	9817	423663348	79.2964
concurrent N(soort,mv,basis)	9815	423673163	79.2983
reiziger N(soort,mv,basis)	9810	423682973	79.3001
Nick SPEC(deeleigen)	9808	423692781	79.3019
storm N(soort,ev,basis,zijd,stan)	9806	423702587	79.3038
41 TW(hoofd,vrij)	9804	423712391	79.3056
topper N(soort,ev,basis,zijd,stan)	9801	423722192	79.3074
stap N(soort,mv,basis)	9799	423731991	79.3093
Donderdag SPEC(deeleigen)	9799	423741790	79.3111
aantreffen WW(vd,vrij,zonder)	9795	423751585	79.3129
koken WW(inf,vrij,zonder)	9790	423761375	79.3148
kus N(soort,ev,dim,onz,stan)	9789	423771164	79.3166
consument N(soort,mv,basis)	9787	423780951	79.3184
bedenken WW(vd,vrij,zonder)	9787	423790738	79.3203
financiën N(soort,mv,basis)	9784	423800522	79.3221
vanzelfsprekend ADJ(vrij,basis,zonder)	9776	423810298	79.3239
Stefan SPEC(deeleigen)	9774	423820072	79.3258
strafschop N(soort,ev,basis,zijd,stan)	9772	423829844	79.3276
und SPEC(vreemd)	9771	423839615	79.3294
decennium N(soort,mv,basis)	9764	423849379	79.3312
redacteur N(soort,mv,basis)	9761	423859140	79.3331
voorstander N(soort,ev,basis,zijd,stan)	9760	423868900	79.3349
dln N(soort,mv,basis)	9759	423878659	79.3367
vertrekken WW(pv,verl,ev)	9758	423888417	79.3386
vergunning N(soort,ev,basis,zijd,stan)	9758	423898175	79.3404
erkennen WW(vd,vrij,zonder)	9753	423907928	79.3422
amerikaans ADJ(prenom,basis,zonder)	9753	423917681	79.344
Lijn SPEC(deeleigen)	9751	423927432	79.3459
cent N(soort,ev,basis,zijd,stan)	9747	423937179	79.3477
vinger N(soort,ev,basis,zijd,stan)	9745	423946924	79.3495
single N(soort,ev,basis,zijd,stan)	9745	423956669	79.3513
goedkeuring N(soort,ev,basis,zijd,stan)	9743	423966412	79.3531
invoer N(soort,ev,basis,zijd,stan)	9737	423976149	79.355
wachten WW(pv,tgw,mv)	9734	423985883	79.3568
zoek N(soort,ev,basis,genus,stan)	9733	423995616	79.3586
Feyenoord SPEC(deeleigen)	9732	424005348	79.3604
vrezen WW(pv,tgw,met-t)	9731	424015079	79.3623
rendement N(soort,ev,basis,onz,stan)	9731	424024810	79.3641
corruptie N(soort,ev,basis,zijd,stan)	9730	424034540	79.3659
Dexia SPEC(deeleigen)	9727	424044267	79.3677
vliegtuig N(soort,mv,basis)	9723	424053990	79.3695
meedoen WW(inf,vrij,zonder)	9721	424063711	79.3714
dalen WW(vd,vrij,zonder)	9707	424073418	79.3732
scoren WW(pv,tgw,met-t)	9705	424083123	79.375
kijker N(soort,mv,basis)	9698	424092821	79.3768
afwachten WW(inf,vrij,zonder)	9698	424102519	79.3786
des BW()	9696	424112215	79.3804
boel N(soort,ev,basis,zijd,stan)	9696	424121911	79.3823
toeschouwer N(soort,mv,basis)	9691	424131602	79.3841
schatting N(soort,ev,basis,zijd,stan)	9690	424141292	79.3859
herinneren WW(pv,tgw,ev)	9688	424150980	79.3877
Park SPEC(deeleigen)	9685	424160665	79.3895
leraar N(soort,ev,basis,zijd,stan)	9683	424170348	79.3913
Oranje SPEC(deeleigen)	9678	424180026	79.3931
Anne SPEC(deeleigen)	9678	424189704	79.3949
39 TW(hoofd,vrij)	9678	424199382	79.3968
slim ADJ(vrij,basis,zonder)	9675	424209057	79.3986
gras N(soort,ev,basis,onz,stan)	9674	424218731	79.4004
geheel ADJ(prenom,basis,met-e,stan)	9668	424228399	79.4022
dood ADJ(prenom,basis,met-e,stan)	9666	424238065	79.404
traan N(soort,mv,basis)	9661	424247726	79.4058
herinneren WW(inf,vrij,zonder)	9661	424257387	79.4076
impact N(soort,ev,basis,zijd,stan)	9653	424267040	79.4094
dertien TW(hoofd,prenom,stan)	9650	424276690	79.4112
zweeds ADJ(prenom,basis,met-e,stan)	9649	424286339	79.413
praten WW(vd,vrij,zonder)	9649	424295988	79.4148
uw VNW(bez,det,dial)	9647	424305635	79.4166
zucht N(soort,ev,basis,zijd,stan)	9645	424315280	79.4184
Gert SPEC(deeleigen)	9642	424324922	79.4203
tegemoet BW()	9633	424334555	79.4221
Jean-Pierre SPEC(deeleigen)	9620	424344175	79.4239
dochter N(soort,mv,basis)	9618	424353793	79.4257
praktisch ADJ(prenom,basis,met-e,stan)	9616	424363409	79.4275
gram N(soort,ev,basis,zijd,stan)	9616	424373025	79.4293
pech N(soort,ev,basis,zijd,stan)	9612	424382637	79.4311
verhuizen WW(inf,vrij,zonder)	9610	424392247	79.4329
zorgen WW(pv,tgw,mv)	9608	424401855	79.4347
bus N(soort,mv,basis)	9607	424411462	79.4364
verbinding N(soort,ev,basis,zijd,stan)	9606	424421068	79.4382
stadhuis N(soort,ev,basis,onz,stan)	9603	424430671	79.44
Nys SPEC(deeleigen)	9598	424440269	79.4418
seconde N(soort,ev,basis,zijd,stan)	9595	424449864	79.4436
uitzenden WW(vd,vrij,zonder)	9586	424459450	79.4454
zand N(soort,ev,basis,onz,stan)	9584	424469034	79.4472
Vlaming SPEC(deeleigen)	9580	424478614	79.449
hersenen N(soort,mv,basis)	9578	424488192	79.4508
Vos SPEC(deeleigen)	9577	424497769	79.4526
Alain SPEC(deeleigen)	9573	424507342	79.4544
nadruk N(soort,ev,basis,zijd,stan)	9570	424516912	79.4562
avec SPEC(vreemd)	9569	424526481	79.458
Street SPEC(deeleigen)	9569	424536050	79.4598
vergoeding N(soort,ev,basis,zijd,stan)	9567	424545617	79.4616
sont SPEC(vreemd)	9567	424555184	79.4633
bieden WW(pv,tgw,mv)	9562	424564746	79.4651
samenwerken WW(inf,vrij,zonder)	9560	424574306	79.4669
L. SPEC(deeleigen)	9554	424583860	79.4687
Ivan SPEC(deeleigen)	9554	424593414	79.4705
leggen WW(pv,tgw,mv)	9553	424602967	79.4723
gezondheidszorg N(soort,ev,basis,zijd,stan)	9549	424612516	79.4741
mannelijk ADJ(prenom,basis,met-e,stan)	9546	424622062	79.4759
alsjeblieft WW(pv,tgw,met-t)	9545	424631607	79.4777
schadevergoeding N(soort,ev,basis,zijd,stan)	9542	424641149	79.4794
Sam SPEC(deeleigen)	9540	424650689	79.4812
zorgen WW(vd,vrij,zonder)	9538	424660227	79.483
eigenaar N(soort,mv,basis)	9531	424669758	79.4848
opvang N(soort,ev,basis,zijd,stan)	9527	424679285	79.4866
gewond ADJ(nom,basis,met-e,mv-n)	9527	424688812	79.4884
handelaar N(soort,mv,basis)	9526	424698338	79.4901
gebruiker N(soort,mv,basis)	9524	424707862	79.4919
springen WW(pv,tgw,met-t)	9522	424717384	79.4937
goedkoop ADJ(vrij,basis,zonder)	9521	424726905	79.4955
vooraleer VG(onder)	9517	424736422	79.4973
provincie N(soort,mv,basis)	9516	424745938	79.4991
financiering N(soort,ev,basis,zijd,stan)	9516	424755454	79.5008
blijken WW(pv,verl,mv)	9505	424764959	79.5026
meid N(soort,ev,basis,zijd,stan)	9501	424774460	79.5044
roepen WW(vd,vrij,zonder)	9500	424783960	79.5062
regie N(soort,ev,basis,zijd,stan)	9495	424793455	79.5079
onduidelijk ADJ(vrij,basis,zonder)	9494	424802949	79.5097
werkloos ADJ(nom,basis,met-e,mv-n)	9493	424812442	79.5115
pagina N(soort,mv,basis)	9489	424821931	79.5133
My SPEC(vreemd)	9480	424831411	79.515
streng ADJ(vrij,basis,zonder)	9478	424840889	79.5168
schoon ADJ(prenom,basis,met-e,stan)	9474	424850363	79.5186
tekenen WW(inf,vrij,zonder)	9470	424859833	79.5204
paleis N(soort,ev,basis,onz,stan)	9470	424869303	79.5221
optreden N(soort,mv,basis)	9469	424878772	79.5239
sportief ADJ(prenom,basis,met-e,stan)	9468	424888240	79.5257
hoogleraar N(soort,ev,basis,zijd,stan)	9466	424897706	79.5275
belofte N(soort,ev,basis,zijd,stan)	9465	424907171	79.5292
proberen WW(pv,verl,mv)	9460	424916631	79.531
halen WW(pv,verl,mv)	9456	424926087	79.5328
Bree SPEC(deeleigen)	9453	424935540	79.5345
time SPEC(vreemd)	9452	424944992	79.5363
blauw ADJ(vrij,basis,zonder)	9452	424954444	79.5381
vormen WW(vd,vrij,zonder)	9450	424963894	79.5398
son SPEC(vreemd)	9449	424973343	79.5416
zelfde ADJ(prenom,basis,zonder)	9446	424982789	79.5434
steunen WW(pv,tgw,met-t)	9443	424992232	79.5452
leeuw N(soort,ev,basis,zijd,stan)	9441	425001673	79.5469
heersen WW(pv,tgw,met-t)	9437	425011110	79.5487
ex N(soort,ev,basis,zijd,stan)	9437	425020547	79.5504
typisch ADJ(prenom,basis,met-e,stan)	9433	425029980	79.5522
W. SPEC(deeleigen)	9431	425039411	79.554
100.000 TW(hoofd,prenom,stan)	9426	425048837	79.5557
winnen WW(pv,verl,mv)	9424	425058261	79.5575
louter ADJ(vrij,basis,zonder)	9420	425067681	79.5593
wil N(soort,ev,basis,zijd,stan)	9417	425077098	79.561
presentatie N(soort,ev,basis,zijd,stan)	9416	425086514	79.5628
tuurlijk BW()	9409	425095923	79.5646
eeuw N(soort,mv,basis)	9403	425105326	79.5663
hard ADJ(vrij,comp,zonder)	9402	425114728	79.5681
blijken WW(vd,vrij,zonder)	9399	425124127	79.5698
burgerlijk ADJ(prenom,basis,met-e,stan)	9398	425133525	79.5716
Maastricht SPEC(deeleigen)	9395	425142920	79.5734
cc N(soort,ev,basis,zijd,stan)	9392	425152312	79.5751
rijbewijs N(soort,ev,basis,onz,stan)	9386	425161698	79.5769
wetenschappelijk ADJ(prenom,basis,zonder)	9385	425171083	79.5786
basisschool N(soort,ev,basis,zijd,stan)	9385	425180468	79.5804
personage N(soort,mv,basis)	9384	425189852	79.5821
Blok SPEC(deeleigen)	9380	425199232	79.5839
Vanden SPEC(deeleigen)	9378	425208610	79.5856
opleveren WW(inf,vrij,zonder)	9377	425217987	79.5874
rook N(soort,ev,basis,zijd,stan)	9366	425227353	79.5892
achteruit BW()	9361	425236714	79.5909
aanpassen WW(inf,vrij,zonder)	9358	425246072	79.5927
Hermans SPEC(deeleigen)	9358	425255430	79.5944
Joe SPEC(deeleigen)	9352	425264782	79.5962
analist N(soort,mv,basis)	9349	425274131	79.5979
uitgeven WW(vd,vrij,zonder)	9347	425283478	79.5997
eindronde N(soort,ev,basis,zijd,stan)	9347	425292825	79.6014
Williams SPEC(deeleigen)	9341	425302166	79.6032
tof ADJ(vrij,basis,zonder)	9335	425311501	79.6049
opbouwen WW(vd,vrij,zonder)	9332	425320833	79.6067
gevoelig ADJ(vrij,basis,zonder)	9330	425330163	79.6084
Mike SPEC(deeleigen)	9330	425339493	79.6101
inschrijven WW(inf,vrij,zonder)	9329	425348822	79.6119
verslaan WW(pv,verl,ev)	9328	425358150	79.6136
oproepen WW(vd,vrij,zonder)	9328	425367478	79.6154
bom N(soort,ev,basis,zijd,stan)	9327	425376805	79.6171
Studio SPEC(deeleigen)	9322	425386127	79.6189
spul N(soort,mv,basis)	9318	425395445	79.6206
sex N(soort,ev,basis,zijd,stan)	9317	425404762	79.6224
fysiek ADJ(prenom,basis,met-e,stan)	9317	425414079	79.6241
kostprijs N(soort,ev,basis,zijd,stan)	9315	425423394	79.6258
Financiën SPEC(deeleigen)	9315	425432709	79.6276
geduld N(soort,ev,basis,onz,stan)	9312	425442021	79.6293
berg N(soort,ev,basis,zijd,stan)	9311	425451332	79.6311
schitterend ADJ(prenom,basis,met-e,stan)	9309	425460641	79.6328
beschrijven WW(vd,vrij,zonder)	9308	425469949	79.6346
discriminatie N(soort,ev,basis,zijd,stan)	9306	425479255	79.6363
vastleggen WW(vd,vrij,zonder)	9304	425488559	79.638
evenals VG(onder)	9303	425497862	79.6398
600 TW(hoofd,prenom,stan)	9302	425507164	79.6415
effect N(soort,mv,basis)	9291	425516455	79.6433
godsdienst N(soort,ev,basis,zijd,stan)	9282	425525737	79.645
verwijzen WW(pv,tgw,met-t)	9281	425535018	79.6467
2e TW(rang,prenom,stan)	9278	425544296	79.6485
tekenen WW(vd,vrij,zonder)	9276	425553572	79.6502
kloppen WW(inf,vrij,zonder)	9273	425562845	79.652
Bill SPEC(deeleigen)	9273	425572118	79.6537
vers ADJ(prenom,basis,met-e,stan)	9270	425581388	79.6554
aflopen WW(vd,vrij,zonder)	9269	425590657	79.6572
paal N(soort,ev,basis,zijd,stan)	9268	425599925	79.6589
voorkomen WW(pv,tgw,met-t)	9265	425609190	79.6606
moeder N(soort,mv,basis)	9263	425618453	79.6624
aangeven WW(vd,vrij,zonder)	9260	425627713	79.6641
evenement N(soort,ev,basis,onz,stan)	9257	425636970	79.6658
bijgevolg BW()	9254	425646224	79.6676
écht ADJ(vrij,basis,zonder)	9250	425655474	79.6693
etc. SPEC(afk)	9247	425664721	79.671
wijzen WW(vd,vrij,zonder)	9244	425673965	79.6727
Stefaan SPEC(deeleigen)	9244	425683209	79.6745
eigendom N(soort,ev,basis,onz,stan)	9243	425692452	79.6762
conclusie N(soort,mv,basis)	9243	425701695	79.6779
toegankelijk ADJ(vrij,basis,zonder)	9241	425710936	79.6797
onderzoeken WW(pv,tgw,met-t)	9237	425720173	79.6814
Philip SPEC(deeleigen)	9235	425729408	79.6831
formule N(soort,ev,basis,zijd,stan)	9234	425738642	79.6849
West SPEC(deeleigen)	9223	425747865	79.6866
Clinton SPEC(deeleigen)	9223	425757088	79.6883
goed ADJ(prenom,comp,zonder)	9222	425766310	79.69
bijzonder ADJ(nom,basis,zonder,zonder-n)	9220	425775530	79.6918
Bagdad SPEC(deeleigen)	9220	425784750	79.6935
schaduw N(soort,ev,basis,zijd,stan)	9219	425793969	79.6952
rondom VZ(init)	9219	425803188	79.6969
omvatten WW(pv,tgw,ev)	9218	425812406	79.6987
aanleggen WW(vd,vrij,zonder)	9214	425821620	79.7004
emotie N(soort,mv,basis)	9206	425830826	79.7021
bepalen ADJ(prenom,basis,met-e,stan)	9205	425840031	79.7038
verschrikkelijk ADJ(vrij,basis,zonder)	9204	425849235	79.7056
stemmen WW(vd,vrij,zonder)	9202	425858437	79.7073
chaos N(soort,ev,basis,zijd,stan)	9199	425867636	79.709
aanbieden WW(inf,vrij,zonder)	9199	425876835	79.7107
Xavier SPEC(deeleigen)	9196	425886031	79.7124
jah SPEC(vreemd)	9194	425895225	79.7142
veel VNW(onbep,grad,stan,nom,met-e,mv-n,sup)	9193	425904418	79.7159
goal N(soort,ev,basis,zijd,stan)	9193	425913611	79.7176
verwachten WW(pv,tgw,mv)	9186	425922797	79.7193
secretaris N(soort,ev,basis,zijd,stan)	9181	425931978	79.721
bedrijfsleven N(soort,ev,basis,onz,stan)	9180	425941158	79.7228
VV SPEC(deeleigen)	9179	425950337	79.7245
Denemarken SPEC(deeleigen)	9177	425959514	79.7262
duurzaam ADJ(prenom,basis,met-e,stan)	9176	425968690	79.7279
wild ADJ(prenom,basis,met-e,stan)	9175	425977865	79.7296
19.30 TW(hoofd,vrij)	9174	425987039	79.7313
gelijk N(soort,ev,basis,onz,stan)	9172	425996211	79.7331
alleszins BW()	9172	426005383	79.7348
vrezen WW(pv,tgw,mv)	9169	426014552	79.7365
h SPEC(symb)	9169	426023721	79.7382
keizer N(soort,ev,basis,zijd,stan)	9168	426032889	79.7399
garage N(soort,ev,basis,zijd,stan)	9162	426042051	79.7416
William SPEC(deeleigen)	9162	426051213	79.7434
dalen WW(pv,verl,ev)	9161	426060374	79.7451
mobiliteit N(soort,ev,basis,zijd,stan)	9158	426069532	79.7468
held N(soort,ev,basis,zijd,stan)	9158	426078690	79.7485
K. SPEC(deeleigen)	9157	426087847	79.7502
factoor N(soort,mv,basis)	9154	426097001	79.7519
steen N(soort,mv,basis)	9152	426106153	79.7536
wereldoorlog N(soort,ev,basis,zijd,stan)	9151	426115304	79.7554
aanpakken WW(inf,vrij,zonder)	9149	426124453	79.7571
55 TW(hoofd,prenom,stan)	9148	426133601	79.7588
Freddy SPEC(deeleigen)	9140	426142741	79.7605
Dinsdag SPEC(deeleigen)	9140	426151881	79.7622
laatstelijk ADJ(vrij,basis,zonder)	9136	426161017	79.7639
Commissie SPEC(deeleigen)	9134	426170151	79.7656
oplossen WW(inf,vrij,zonder)	9131	426179282	79.7673
like SPEC(vreemd)	9131	426188413	79.769
Servië SPEC(deeleigen)	9126	426197539	79.7707
or SPEC(vreemd)	9121	426206660	79.7725
besteden WW(vd,vrij,zonder)	9113	426215773	79.7742
Bos SPEC(deeleigen)	9109	426224882	79.7759
moeilijkheid N(soort,mv,basis)	9108	426233990	79.7776
route N(soort,ev,basis,zijd,stan)	9104	426243094	79.7793
auteur N(soort,mv,basis)	9100	426252194	79.781
wonder N(soort,ev,basis,onz,stan)	9099	426261293	79.7827
Bernard SPEC(deeleigen)	9091	426270384	79.7844
's BW()	9091	426279475	79.7861
camera N(soort,mv,basis)	9086	426288561	79.7878
sluiten WW(vd,prenom,zonder)	9085	426297646	79.7895
geheugen N(soort,ev,basis,onz,stan)	9085	426306731	79.7912
publiceren WW(vd,vrij,zonder)	9078	426315809	79.7929
documentaire N(soort,ev,basis,zijd,stan)	9075	426324884	79.7946
Mario SPEC(deeleigen)	9070	426333954	79.7963
aux SPEC(deeleigen)	9069	426343023	79.798
Jones SPEC(deeleigen)	9065	426352088	79.7997
toeristisch ADJ(prenom,basis,met-e,stan)	9060	426361148	79.8014
medicijn N(soort,mv,basis)	9059	426370207	79.8031
berg N(soort,mv,basis)	9058	426379265	79.8048
computer N(soort,mv,basis)	9057	426388322	79.8065
organisator N(soort,mv,basis)	9055	426397377	79.8081
Holland SPEC(deeleigen)	9051	426406428	79.8098
code N(soort,ev,basis,zijd,stan)	9046	426415474	79.8115
Dehaene SPEC(deeleigen)	9043	426424517	79.8132
anderlecht N(soort,ev,basis,onz,stan)	9042	426433559	79.8149
di SPEC(vreemd)	9038	426442597	79.8166
bedrag N(soort,mv,basis)	9034	426451631	79.8183
34 TW(hoofd,prenom,stan)	9034	426460665	79.82
gemeentehuis N(soort,ev,basis,onz,stan)	9032	426469697	79.8217
82 SPEC(symb)	9027	426478724	79.8234
1970 TW(hoofd,vrij)	9025	426487749	79.8251
vrucht N(soort,mv,basis)	9021	426496770	79.8268
53 SPEC(symb)	9012	426505782	79.8284
servisch ADJ(prenom,basis,met-e,stan)	9003	426514785	79.8301
vullen WW(inf,vrij,zonder)	9002	426523787	79.8318
overdag BW()	8995	426532782	79.8335
zwangerschap N(soort,ev,basis,zijd,stan)	8992	426541774	79.8352
verderop BW()	8992	426550766	79.8369
Brandend SPEC(deeleigen)	8985	426559751	79.8385
kanaal N(soort,ev,basis,onz,stan)	8984	426568735	79.8402
hervorming N(soort,ev,basis,zijd,stan)	8981	426577716	79.8419
kenmerk N(soort,mv,basis)	8975	426586691	79.8436
Goossens SPEC(deeleigen)	8973	426595664	79.8453
one SPEC(vreemd)	8972	426604636	79.8469
circa BW()	8972	426613608	79.8486
Joris SPEC(deeleigen)	8970	426622578	79.8503
kiezer N(soort,ev,basis,zijd,stan)	8967	426631545	79.852
bak N(soort,ev,basis,zijd,stan)	8967	426640512	79.8537
opname N(soort,mv,basis)	8965	426649477	79.8553
Actueel SPEC(deeleigen)	8965	426658442	79.857
vrijlaten WW(vd,vrij,zonder)	8961	426667403	79.8587
boord N(soort,ev,basis,genus,stan)	8961	426676364	79.8604
toerisme N(soort,ev,basis,onz,stan)	8959	426685323	79.862
plek N(soort,mv,basis)	8959	426694282	79.8637
Wilders SPEC(deeleigen)	8957	426703239	79.8654
Carl SPEC(deeleigen)	8957	426712196	79.8671
sterk ADJ(prenom,basis,zonder)	8954	426721150	79.8687
rock N(soort,ev,basis,zijd,stan)	8954	426730104	79.8704
aanvaarden WW(inf,vrij,zonder)	8954	426739058	79.8721
Andy SPEC(deeleigen)	8952	426748010	79.8738
overtuiging N(soort,ev,basis,zijd,stan)	8951	426756961	79.8755
Canvas SPEC(deeleigen)	8951	426765912	79.8771
vervangen WW(inf,vrij,zonder)	8949	426774861	79.8788
regering N(soort,mv,basis)	8946	426783807	79.8805
parcours N(soort,ev,basis,onz,stan)	8946	426792753	79.8822
voorzitterschap N(soort,ev,basis,onz,stan)	8944	426801697	79.8838
Ardennen SPEC(deeleigen)	8943	426810640	79.8855
recent ADJ(vrij,basis,zonder)	8939	426819579	79.8872
regelen WW(inf,vrij,zonder)	8929	426828508	79.8888
ondersteuning N(soort,ev,basis,zijd,stan)	8920	426837428	79.8905
restaurant N(soort,mv,basis)	8919	426846347	79.8922
Vandenbroucke SPEC(deeleigen)	8913	426855260	79.8939
vertaling N(soort,ev,basis,zijd,stan)	8911	426864171	79.8955
familie N(soort,mv,basis)	8911	426873082	79.8972
voornaam ADJ(prenom,sup,met-e,stan)	8910	426881992	79.8989
service N(soort,ev,basis,zijd,stan)	8908	426890900	79.9005
breken WW(vd,vrij,zonder)	8908	426899808	79.9022
Nicolas SPEC(deeleigen)	8905	426908713	79.9039
herinnering N(soort,ev,basis,zijd,stan)	8904	426917617	79.9055
gevangenisstraf N(soort,ev,basis,zijd,stan)	8896	426926513	79.9072
verenigen WW(vd,prenom,met-e)	8893	426935406	79.9089
François SPEC(deeleigen)	8893	426944299	79.9105
zestien TW(hoofd,prenom,stan)	8891	426953190	79.9122
kheb N(soort,ev,basis,zijd,stan)	8889	426962079	79.9138
34 TW(hoofd,vrij)	8889	426970968	79.9155
richten WW(pv,verl,ev)	8886	426979854	79.9172
lied N(soort,ev,basis,onz,stan)	8884	426988738	79.9188
dalen WW(inf,vrij,zonder)	8884	426997622	79.9205
kosten WW(pv,verl,ev)	8881	427006503	79.9222
vol ADJ(postnom,basis,zonder)	8876	427015379	79.9238
onderzoeksrechter N(soort,ev,basis,zijd,stan)	8872	427024251	79.9255
vreselijk ADJ(vrij,basis,zonder)	8870	427033121	79.9271
gezag N(soort,ev,basis,onz,stan)	8869	427041990	79.9288
apart ADJ(vrij,basis,zonder)	8864	427050854	79.9305
hectare N(soort,ev,basis,zijd,stan)	8858	427059712	79.9321
chemisch ADJ(prenom,basis,met-e,stan)	8855	427068567	79.9338
kerk N(soort,mv,basis)	8852	427077419	79.9354
puur ADJ(vrij,basis,zonder)	8851	427086270	79.9371
producent N(soort,ev,basis,zijd,stan)	8849	427095119	79.9387
raam N(soort,mv,basis)	8842	427103961	79.9404
1984 TW(hoofd,vrij)	8841	427112802	79.9421
actrice N(soort,ev,basis,zijd,stan)	8838	427121640	79.9437
Peking SPEC(deeleigen)	8837	427130477	79.9454
sluiting N(soort,ev,basis,zijd,stan)	8835	427139312	79.947
kondigen WW(pv,verl,ev)	8834	427148146	79.9487
ideaal ADJ(vrij,basis,zonder)	8832	427156978	79.9503
US SPEC(deeleigen)	8826	427165804	79.952
beperken ADJ(vrij,basis,zonder)	8825	427174629	79.9536
vonnis N(soort,ev,basis,onz,stan)	8818	427183447	79.9553
zout N(soort,ev,basis,onz,stan)	8814	427192261	79.9569
almaar BW()	8811	427201072	79.9586
loon N(soort,mv,basis)	8810	427209882	79.9602
instrument N(soort,ev,basis,onz,stan)	8809	427218691	79.9619
Midden-Oosten SPEC(deeleigen)	8807	427227498	79.9635
Knack SPEC(deeleigen)	8804	427236302	79.9652
weekeinde N(soort,ev,basis,onz,stan)	8802	427245104	79.9668
verwachting N(soort,ev,basis,zijd,stan)	8802	427253906	79.9685
bad N(soort,ev,basis,onz,stan)	8802	427262708	79.9701
opvoeding N(soort,ev,basis,zijd,stan)	8797	427271505	79.9718
gedicht N(soort,ev,basis,onz,stan)	8797	427280302	79.9734
stage N(soort,ev,basis,zijd,stan)	8795	427289097	79.9751
zwak ADJ(vrij,basis,zonder)	8794	427297891	79.9767
hoeveelheid N(soort,mv,basis)	8793	427306684	79.9783
overdreven ADJ(vrij,basis,zonder)	8791	427315475	79.98
document N(soort,ev,basis,onz,stan)	8791	427324266	79.9816
personeelslid N(soort,mv,basis)	8789	427333055	79.9833
verrassen WW(od,vrij,zonder)	8788	427341843	79.9849
lopen WW(pv,tgw,ev)	8785	427350628	79.9866
ellende N(soort,ev,basis,zijd,stan)	8785	427359413	79.9882
benadrukken WW(pv,tgw,met-t)	8779	427368192	79.9899
Georges SPEC(deeleigen)	8777	427376969	79.9915
suiker N(soort,ev,basis,zijd,stan)	8772	427385741	79.9931
nul TW(hoofd,vrij)	8768	427394509	79.9948
munt N(soort,ev,basis,zijd,stan)	8761	427403270	79.9964
verrassen WW(vd,vrij,zonder)	8759	427412029	79.9981
gebruiken WW(pv,tgw,ev)	8759	427420788	79.9997
Thijs SPEC(deeleigen)	8759	427429547	80.0013
José SPEC(deeleigen)	8758	427438305	80.003
plaatsvinden WW(inf,vrij,zonder)	8755	427447060	80.0046
Group SPEC(deeleigen)	8752	427455812	80.0063
vlucht N(soort,mv,basis)	8751	427464563	80.0079
uitgeverij N(soort,ev,basis,zijd,stan)	8750	427473313	80.0095
color N(soort,ev,basis,zijd,stan)	8748	427482061	80.0112
uur N(soort,ev,dim,onz,stan)	8742	427490803	80.0128
slaan WW(pv,verl,mv)	8742	427499545	80.0144
situatie N(soort,mv,basis)	8742	427508287	80.0161
Brussels SPEC(deeleigen)	8742	427517029	80.0177
bewegen WW(inf,vrij,zonder)	8740	427525769	80.0193
voorzien WW(pv,tgw,met-t)	8733	427534502	80.021
FM SPEC(deeleigen)	8727	427543229	80.0226
enz. SPEC(afk)	8726	427551955	80.0242
dichtbij ADJ(vrij,basis,zonder)	8726	427560681	80.0259
bevinden WW(pv,tgw,mv)	8725	427569406	80.0275
lening N(soort,ev,basis,zijd,stan)	8723	427578129	80.0291
know SPEC(vreemd)	8722	427586851	80.0308
der LID(bep,gen,rest3)	8722	427595573	80.0324
Anna SPEC(deeleigen)	8720	427604293	80.034
scherp ADJ(prenom,basis,met-e,stan)	8717	427613010	80.0357
volkomen ADJ(vrij,basis,zonder)	8715	427621725	80.0373
team N(soort,mv,basis)	8713	427630438	80.0389
zoveel TW(rang,prenom,stan)	8703	427639141	80.0406
Vorst SPEC(deeleigen)	8702	427647843	80.0422
minimum N(soort,ev,basis,onz,stan)	8701	427656544	80.0438
tennis N(soort,ev,basis,onz,stan)	8700	427665244	80.0455
brugs ADJ(prenom,basis,met-e,stan)	8695	427673939	80.0471
moreel ADJ(prenom,basis,met-e,stan)	8694	427682633	80.0487
Sofie SPEC(deeleigen)	8694	427691327	80.0503
afronden WW(vd,vrij,zonder)	8690	427700017	80.052
verklaring N(soort,mv,basis)	8687	427708704	80.0536
voorlopig ADJ(prenom,basis,met-e,stan)	8679	427717383	80.0552
von SPEC(deeleigen)	8677	427726060	80.0568
borst N(soort,ev,basis,zijd,stan)	8675	427734735	80.0585
kritisch ADJ(prenom,basis,met-e,stan)	8671	427743406	80.0601
hart N(soort,ev,basis,dat)	8671	427752077	80.0617
Jozef SPEC(deeleigen)	8669	427760746	80.0633
70 TW(hoofd,vrij)	8668	427769414	80.065
zangeres N(soort,ev,basis,zijd,stan)	8659	427778073	80.0666
alhoewel VG(onder)	8656	427786729	80.0682
hangen WW(pv,verl,ev)	8654	427795383	80.0698
toren N(soort,ev,basis,zijd,stan)	8652	427804035	80.0714
elektrisch ADJ(prenom,basis,met-e,stan)	8651	427812686	80.0731
c7/intro N(soort,ev,basis,zijd,stan)	8649	427821335	80.0747
achttien TW(hoofd,prenom,stan)	8649	427829984	80.0763
de LID(bep,dat,evmo)	8642	427838626	80.0779
^ SPEC(symb)	8635	427847261	80.0795
vernieuwing N(soort,ev,basis,zijd,stan)	8632	427855893	80.0811
zever N(soort,ev,basis,zijd,stan)	8630	427864523	80.0828
figuur N(soort,mv,basis)	8628	427873151	80.0844
percentage N(soort,ev,basis,onz,stan)	8624	427881775	80.086
bellen WW(pv,verl,ev)	8623	427890398	80.0876
blessure N(soort,ev,basis,zijd,stan)	8621	427899019	80.0892
Pascal SPEC(deeleigen)	8621	427907640	80.0908
tent N(soort,ev,basis,zijd,stan)	8619	427916259	80.0924
56 SPEC(symb)	8619	427924878	80.094
ontdekken WW(inf,vrij,zonder)	8618	427933496	80.0957
groeien WW(od,prenom,met-e)	8618	427942114	80.0973
verlaten WW(pv,tgw,ev)	8613	427950727	80.0989
fietser N(soort,mv,basis)	8613	427959340	80.1005
tonen WW(vd,vrij,zonder)	8611	427967951	80.1021
mededeling N(soort,ev,basis,zijd,stan)	8610	427976561	80.1037
da SPEC(deeleigen)	8606	427985167	80.1053
geur N(soort,ev,basis,zijd,stan)	8603	427993770	80.1069
aanzienlijk ADJ(vrij,basis,zonder)	8600	428002370	80.1086
1e TW(rang,prenom,stan)	8600	428010970	80.1102
procedure N(soort,mv,basis)	8597	428019567	80.1118
aanwijzen WW(vd,vrij,zonder)	8595	428028162	80.1134
Spirit SPEC(deeleigen)	8594	428036756	80.115
voorbereiden WW(vd,vrij,zonder)	8592	428045348	80.1166
mail N(soort,ev,basis,zijd,stan)	8584	428053932	80.1182
cadeau N(soort,ev,basis,onz,stan)	8584	428062516	80.1198
herinneren WW(pv,tgw,met-t)	8582	428071098	80.1214
leren WW(pv,tgw,ev)	8577	428079675	80.123
lente N(soort,ev,basis,zijd,stan)	8577	428088252	80.1246
spijten WW(pv,tgw,ev)	8573	428096825	80.1262
nadeel N(soort,ev,basis,onz,stan)	8573	428105398	80.1278
zorgen WW(pv,tgw,ev)	8572	428113970	80.1294
scheiden WW(vd,vrij,zonder)	8569	428122539	80.131
ongelooflijk ADJ(vrij,basis,zonder)	8563	428131102	80.1326
geweldig ADJ(prenom,basis,met-e,stan)	8563	428139665	80.1343
chauffeur N(soort,mv,basis)	8556	428148221	80.1359
plat ADJ(vrij,basis,zonder)	8553	428156774	80.1375
but SPEC(vreemd)	8552	428165326	80.1391
cliënt N(soort,ev,basis,zijd,stan)	8549	428173875	80.1407
Air SPEC(deeleigen)	8547	428182422	80.1423
Werner SPEC(deeleigen)	8545	428190967	80.1439
internationaal ADJ(vrij,basis,zonder)	8543	428199510	80.1455
terrorist N(soort,mv,basis)	8542	428208052	80.1471
Fransman SPEC(deeleigen)	8541	428216593	80.1486
benoemen WW(vd,vrij,zonder)	8540	428225133	80.1502
aanvaarden WW(vd,vrij,zonder)	8540	428233673	80.1518
opkomst N(soort,ev,basis,zijd,stan)	8538	428242211	80.1534
Duits SPEC(deeleigen)	8537	428250748	80.155
wandelen WW(inf,vrij,zonder)	8536	428259284	80.1566
Hamme SPEC(deeleigen)	8536	428267820	80.1582
nut N(soort,ev,basis,onz,stan)	8534	428276354	80.1598
klok N(soort,ev,basis,zijd,stan)	8534	428284888	80.1614
versterken WW(inf,vrij,zonder)	8531	428293419	80.163
statistiek N(soort,ev,basis,zijd,stan)	8530	428301949	80.1646
hevig ADJ(prenom,basis,met-e,stan)	8528	428310477	80.1662
blad N(soort,mv,basis)	8525	428319002	80.1678
Hendrik SPEC(deeleigen)	8524	428327526	80.1694
streep N(soort,ev,basis,zijd,stan)	8523	428336049	80.171
cijfer N(soort,ev,basis,onz,stan)	8518	428344567	80.1726
conferentie N(soort,ev,basis,zijd,stan)	8517	428353084	80.1742
67 TW(hoofd,vrij)	8512	428361596	80.1758
schepencollege N(soort,ev,basis,onz,stan)	8510	428370106	80.1774
onverwacht ADJ(vrij,basis,zonder)	8508	428378614	80.179
Hamas SPEC(deeleigen)	8506	428387120	80.1806
V SPEC(deeleigen)	8504	428395624	80.1822
voetballer N(soort,ev,basis,zijd,stan)	8500	428404124	80.1837
familielid N(soort,mv,basis)	8500	428412624	80.1853
sturen WW(pv,tgw,ev)	8495	428421119	80.1869
Lier SPEC(deeleigen)	8495	428429614	80.1885
werken WW(pv,verl,mv)	8494	428438108	80.1901
studeren WW(pv,verl,ev)	8494	428446602	80.1917
buitenlander N(soort,mv,basis)	8494	428455096	80.1933
oma N(soort,ev,basis,zijd,stan)	8490	428463586	80.1949
samenstelling N(soort,ev,basis,zijd,stan)	8486	428472072	80.1965
jong ADJ(vrij,comp,zonder)	8476	428480548	80.1981
gelijkspel N(soort,ev,basis,onz,stan)	8474	428489022	80.1996
morgen N(soort,ev,basis,gen)	8473	428497495	80.2012
zwijgen WW(inf,vrij,zonder)	8471	428505966	80.2028
acht TW(rang,prenom,stan)	8465	428514431	80.2044
1975 TW(hoofd,vrij)	8462	428522893	80.206
begrijpelijk ADJ(vrij,basis,zonder)	8460	428531353	80.2076
stellen WW(pv,verl,mv)	8454	428539807	80.2091
lid-staat N(soort,ev,basis,zijd,stan)	8452	428548259	80.2107
gerucht N(soort,mv,basis)	8451	428556710	80.2123
contract N(soort,mv,basis)	8451	428565161	80.2139
premie N(soort,ev,basis,zijd,stan)	8450	428573611	80.2155
Menen SPEC(deeleigen)	8449	428582060	80.2171
75 TW(hoofd,vrij)	8449	428590509	80.2186
diploma N(soort,ev,basis,onz,stan)	8445	428598954	80.2202
onderhandelen WW(inf,vrij,zonder)	8441	428607395	80.2218
Eindhoven SPEC(deeleigen)	8441	428615836	80.2234
volk N(soort,mv,basis)	8439	428624275	80.225
begraven WW(vd,vrij,zonder)	8438	428632713	80.2265
universiteit N(soort,mv,basis)	8437	428641150	80.2281
zingen WW(pv,tgw,met-t)	8436	428649586	80.2297
moslim N(soort,ev,basis,zijd,stan)	8432	428658018	80.2313
Daniel SPEC(deeleigen)	8432	428666450	80.2328
marketing N(soort,ev,basis,zijd,stan)	8430	428674880	80.2344
functie N(soort,mv,basis)	8428	428683308	80.236
beginnen WW(pv,verl,mv)	8418	428691726	80.2376
Nijmegen SPEC(deeleigen)	8418	428700144	80.2392
é N(soort,ev,basis,zijd,stan)	8416	428708560	80.2407
toekennen WW(vd,vrij,zonder)	8415	428716975	80.2423
mais N(soort,ev,basis,zijd,stan)	8414	428725389	80.2439
kwaad N(soort,ev,basis,onz,stan)	8414	428733803	80.2455
verwerken WW(inf,vrij,zonder)	8410	428742213	80.247
Oost-Vlaanderen SPEC(deeleigen)	8409	428750622	80.2486
vorming N(soort,ev,basis,zijd,stan)	8408	428759030	80.2502
uitgever N(soort,ev,basis,zijd,stan)	8406	428767436	80.2517
Ned SPEC(deeleigen)	8404	428775840	80.2533
bedoelen WW(pv,verl,ev)	8402	428784242	80.2549
huisarts N(soort,ev,basis,zijd,stan)	8401	428792643	80.2565
treden WW(pv,verl,ev)	8399	428801042	80.258
bedragen WW(pv,verl,ev)	8399	428809441	80.2596
Tante N(soort,ev,basis,zijd,stan)	8395	428817836	80.2612
48 TW(hoofd,prenom,stan)	8393	428826229	80.2628
christen N(soort,mv,basis)	8387	428834616	80.2643
T. SPEC(deeleigen)	8385	428843001	80.2659
correctioneel ADJ(prenom,basis,met-e,stan)	8377	428851378	80.2675
hervorming N(soort,mv,basis)	8374	428859752	80.269
toneel N(soort,ev,basis,onz,stan)	8372	428868124	80.2706
passie N(soort,ev,basis,zijd,stan)	8372	428876496	80.2722
optreden N(soort,ev,basis,onz,stan)	8367	428884863	80.2737
leven WW(pv,verl,ev)	8363	428893226	80.2753
ontdekken WW(pv,verl,ev)	8361	428901587	80.2769
will SPEC(vreemd)	8360	428909947	80.2784
wens N(soort,mv,basis)	8357	428918304	80.28
bevatten WW(pv,tgw,mv)	8355	428926659	80.2816
talloos ADJ(prenom,basis,met-e,stan)	8352	428935011	80.2831
medaille N(soort,ev,basis,zijd,stan)	8352	428943363	80.2847
kus N(soort,ev,basis,zijd,stan)	8350	428951713	80.2862
opdracht N(soort,mv,basis)	8348	428960061	80.2878
zozeer BW()	8344	428968405	80.2894
verlichting N(soort,ev,basis,zijd,stan)	8342	428976747	80.2909
shit N(soort,ev,basis,zijd,stan)	8338	428985085	80.2925
betrokkenheid N(soort,ev,basis,zijd,stan)	8336	428993421	80.294
20.00 SPEC(symb)	8335	429001756	80.2956
boodschap N(soort,mv,basis)	8333	429010089	80.2972
Joseph SPEC(deeleigen)	8333	429018422	80.2987
thee N(soort,ev,basis,zijd,stan)	8331	429026753	80.3003
niettemin BW()	8328	429035081	80.3018
juist ADJ(vrij,basis,zonder)	8328	429043409	80.3034
halen WW(pv,tgw,mv)	8327	429051736	80.305
vlakbij BW()	8326	429060062	80.3065
volwassen ADJ(nom,basis,met-e,mv-n)	8325	429068387	80.3081
Hilde SPEC(deeleigen)	8323	429076710	80.3096
slotfase N(soort,ev,basis,zijd,stan)	8322	429085032	80.3112
??? SPEC(symb)	8321	429093353	80.3128
nauw ADJ(vrij,basis,zonder)	8319	429101672	80.3143
kiezen WW(pv,tgw,mv)	8305	429109977	80.3159
junior N(soort,mv,basis)	8305	429118282	80.3174
Temse SPEC(deeleigen)	8305	429126587	80.319
verloop N(soort,ev,basis,onz,stan)	8303	429134890	80.3205
fit ADJ(vrij,basis,zonder)	8296	429143186	80.3221
800 TW(hoofd,prenom,stan)	8296	429151482	80.3236
politiek ADJ(vrij,basis,zonder)	8287	429159769	80.3252
beu ADJ(vrij,basis,zonder)	8284	429168053	80.3267
koninklijk ADJ(prenom,basis,zonder)	8283	429176336	80.3283
:$ SPEC(symb)	8283	429184619	80.3298
toelaten WW(vd,vrij,zonder)	8281	429192900	80.3314
dienstverlening N(soort,ev,basis,zijd,stan)	8281	429201181	80.3329
parlementair ADJ(prenom,basis,met-e,stan)	8278	429209459	80.3345
72 TW(hoofd,vrij)	8271	429217730	80.336
Bosch SPEC(deeleigen)	8269	429225999	80.3376
1974 TW(hoofd,vrij)	8268	429234267	80.3391
expert N(soort,mv,basis)	8263	429242530	80.3407
tussen VZ(fin)	8261	429250791	80.3422
melden WW(vd,vrij,zonder)	8260	429259051	80.3438
saai ADJ(vrij,basis,zonder)	8259	429267310	80.3453
enig ADJ(prenom,basis,met-e,stan)	8258	429275568	80.3469
winnaar N(soort,mv,basis)	8255	429283823	80.3484
rond N(soort,mv,basis)	8254	429292077	80.3499
gezamenlijk ADJ(prenom,basis,met-e,stan)	8254	429300331	80.3515
Los SPEC(deeleigen)	8251	429308582	80.353
ei N(soort,ev,basis,onz,stan)	8246	429316828	80.3546
vestiging N(soort,ev,basis,zijd,stan)	8245	429325073	80.3561
kruis N(soort,ev,basis,onz,stan)	8237	429333310	80.3577
bond N(soort,mv,basis)	8234	429341544	80.3592
Jong SPEC(deeleigen)	8233	429349777	80.3607
zin N(soort,mv,basis)	8231	429358008	80.3623
stuur N(soort,ev,basis,onz,stan)	8231	429366239	80.3638
Ronse SPEC(deeleigen)	8226	429374465	80.3654
rechts ADJ(prenom,basis,met-e,stan)	8223	429382688	80.3669
Maaseik SPEC(deeleigen)	8223	429390911	80.3684
toenemen WW(od,prenom,met-e)	8221	429399132	80.37
vrijdagavond N(soort,ev,basis,zijd,stan)	8216	429407348	80.3715
bewaren WW(vd,vrij,zonder)	8212	429415560	80.3731
senior N(soort,mv,basis)	8209	429423769	80.3746
stedelijk ADJ(prenom,basis,met-e,stan)	8206	429431975	80.3761
loopbaan N(soort,ev,basis,zijd,stan)	8206	429440181	80.3777
illegaal ADJ(vrij,basis,zonder)	8206	429448387	80.3792
1976 TW(hoofd,vrij)	8199	429456586	80.3807
Ben SPEC(deeleigen)	8194	429464780	80.3823
kloppen WW(pv,verl,ev)	8193	429472973	80.3838
gemakkelijk ADJ(vrij,comp,zonder)	8193	429481166	80.3853
failliet ADJ(vrij,basis,zonder)	8188	429489354	80.3869
ambitie N(soort,mv,basis)	8188	429497542	80.3884
zitting N(soort,ev,basis,zijd,stan)	8187	429505729	80.3899
lopen WW(od,prenom,met-e)	8185	429513914	80.3915
ervaren WW(vd,vrij,zonder)	8178	429522092	80.393
Libanon SPEC(deeleigen)	8176	429530268	80.3945
ochtend N(soort,ev,basis,gen)	8172	429538440	80.3961
klassement N(soort,ev,basis,onz,stan)	8172	429546612	80.3976
ontwerpen WW(vd,vrij,zonder)	8171	429554783	80.3991
heten WW(pv,verl,ev)	8171	429562954	80.4006
zender N(soort,mv,basis)	8170	429571124	80.4022
steek N(soort,ev,basis,zijd,stan)	8169	429579293	80.4037
luxe N(soort,ev,basis,zijd,stan)	8168	429587461	80.4052
factor N(soort,ev,basis,zijd,stan)	8165	429595626	80.4068
grijs ADJ(prenom,basis,met-e,stan)	8163	429603789	80.4083
uitspreken WW(vd,vrij,zonder)	8159	429611948	80.4098
ipv SPEC(afk)	8158	429620106	80.4113
doelstelling N(soort,ev,basis,zijd,stan)	8156	429628262	80.4129
criminaliteit N(soort,ev,basis,zijd,stan)	8156	429636418	80.4144
tachtig TW(hoofd,prenom,stan)	8155	429644573	80.4159
1978 TW(hoofd,vrij)	8153	429652726	80.4174
aanbrengen WW(vd,vrij,zonder)	8152	429660878	80.419
slecht ADJ(vrij,comp,zonder)	8150	429669028	80.4205
maan N(soort,ev,basis,zijd,stan)	8146	429677174	80.422
oplopen WW(vd,vrij,zonder)	8140	429685314	80.4235
Argentinië SPEC(deeleigen)	8137	429693451	80.4251
hierin BW()	8136	429701587	80.4266
bedenken WW(inf,vrij,zonder)	8136	429709723	80.4281
periode N(soort,mv,basis)	8132	429717855	80.4296
ontsnappen WW(inf,vrij,zonder)	8132	429725987	80.4312
Google SPEC(deeleigen)	8129	429734116	80.4327
man N(soort,ev,dim,onz,stan)	8124	429742240	80.4342
bescheiden ADJ(prenom,basis,zonder)	8124	429750364	80.4357
leerling N(soort,ev,basis,zijd,stan)	8122	429758486	80.4372
oke N(soort,ev,basis,zijd,stan)	8116	429766602	80.4388
1979 TW(hoofd,vrij)	8116	429774718	80.4403
bieden WW(pv,verl,ev)	8115	429782833	80.4418
concreet ADJ(vrij,basis,zonder)	8106	429790939	80.4433
54 TW(hoofd,vrij)	8106	429799045	80.4448
kassa N(soort,ev,basis,zijd,stan)	8104	429807149	80.4464
beschadigen WW(vd,vrij,zonder)	8103	429815252	80.4479
overeind BW()	8100	429823352	80.4494
kantoor N(soort,mv,basis)	8100	429831452	80.4509
Oscar SPEC(deeleigen)	8096	429839548	80.4524
the SPEC(deeleigen)	8095	429847643	80.4539
ondermeer BW()	8092	429855735	80.4554
Janssen SPEC(deeleigen)	8092	429863827	80.457
vertalen WW(vd,vrij,zonder)	8077	429871904	80.4585
toename N(soort,ev,basis,zijd,stan)	8077	429879981	80.46
verwerken WW(vd,vrij,zonder)	8076	429888057	80.4615
ontbijt N(soort,ev,basis,onz,stan)	8074	429896131	80.463
première N(soort,ev,basis,zijd,stan)	8073	429904204	80.4645
iers ADJ(prenom,basis,met-e,stan)	8071	429912275	80.466
verzameling N(soort,ev,basis,zijd,stan)	8070	429920345	80.4675
68 TW(hoofd,vrij)	8069	429928414	80.469
verhoging N(soort,ev,basis,zijd,stan)	8067	429936481	80.4706
romeins ADJ(prenom,basis,met-e,stan)	8065	429944546	80.4721
proef N(soort,ev,basis,zijd,stan)	8065	429952611	80.4736
titel N(soort,mv,basis)	8060	429960671	80.4751
belanden WW(pv,verl,ev)	8059	429968730	80.4766
vriendschap N(soort,ev,basis,zijd,stan)	8058	429976788	80.4781
vijftig TW(hoofd,vrij)	8056	429984844	80.4796
enthousiasme N(soort,ev,basis,onz,stan)	8052	429992896	80.4811
derhalve BW()	8052	430000948	80.4826
1983 TW(hoofd,vrij)	8049	430008997	80.4841
lekker ADJ(prenom,basis,met-e,stan)	8048	430017045	80.4856
tiental N(soort,ev,basis,onz,stan)	8043	430025088	80.4871
resolutie N(soort,ev,basis,zijd,stan)	8043	430033131	80.4886
Didier SPEC(deeleigen)	8043	430041174	80.4902
confrontatie N(soort,ev,basis,zijd,stan)	8042	430049216	80.4917
tekening N(soort,mv,basis)	8040	430057256	80.4932
debuut N(soort,ev,basis,onz,stan)	8040	430065296	80.4947
ultiem ADJ(prenom,basis,met-e,stan)	8038	430073334	80.4962
uitstellen WW(vd,vrij,zonder)	8036	430081370	80.4977
verstaan WW(inf,vrij,zonder)	8035	430089405	80.4992
betekenen WW(pv,verl,ev)	8035	430097440	80.5007
kind N(soort,mv,dim)	8033	430105473	80.5022
Gouden SPEC(deeleigen)	8033	430113506	80.5037
financieel ADJ(prenom,basis,zonder)	8031	430121537	80.5052
achteraan BW()	8031	430129568	80.5067
afronding N(soort,ev,basis,zijd,stan)	8030	430137598	80.5082
volgen WW(pv,verl,mv)	8027	430145625	80.5097
vaststellen WW(inf,vrij,zonder)	8023	430153648	80.5112
veelal BW()	8020	430161668	80.5127
omkeren WW(vd,vrij,zonder)	8019	430169687	80.5142
bespreken WW(vd,vrij,zonder)	8018	430177705	80.5157
terras N(soort,ev,basis,onz,stan)	8014	430185719	80.5172
gelden WW(pv,tgw,mv)	8007	430193726	80.5187
vooraan BW()	8003	430201729	80.5202
terrein N(soort,mv,basis)	8003	430209732	80.5217
district N(soort,ev,basis,onz,stan)	7998	430217730	80.5232
bijdrage N(soort,mv,basis)	7997	430225727	80.5247
constructie N(soort,ev,basis,zijd,stan)	7992	430233719	80.5262
staan WW(vd,vrij,zonder)	7991	430241710	80.5277
architectuur N(soort,ev,basis,zijd,stan)	7987	430249697	80.5292
Carlos SPEC(deeleigen)	7987	430257684	80.5307
verkiezing N(soort,ev,basis,zijd,stan)	7982	430265666	80.5322
dalen WW(pv,tgw,met-t)	7982	430273648	80.5337
rechtstreeks ADJ(prenom,basis,met-e,stan)	7981	430281629	80.5352
stijgen WW(od,prenom,met-e)	7978	430289607	80.5367
priester N(soort,ev,basis,zijd,stan)	7976	430297583	80.5381
dorp N(soort,mv,basis)	7975	430305558	80.5396
delen WW(pv,tgw,met-t)	7974	430313532	80.5411
sporthal N(soort,ev,basis,zijd,stan)	7972	430321504	80.5426
onzeker ADJ(vrij,basis,zonder)	7970	430329474	80.5441
behulp N(soort,ev,basis,onz,stan)	7970	430337444	80.5456
boeken WW(vd,vrij,zonder)	7966	430345410	80.5471
Diest SPEC(deeleigen)	7966	430353376	80.5486
departement N(soort,ev,basis,onz,stan)	7965	430361341	80.5501
rechter N(soort,mv,basis)	7954	430369295	80.5516
materiaal N(soort,mv,basis)	7951	430377246	80.5531
carrière N(soort,ev,basis,zijd,stan)	7948	430385194	80.5545
koppelen WW(vd,vrij,zonder)	7946	430393140	80.556
verminderen WW(inf,vrij,zonder)	7945	430401085	80.5575
ANTWERPEN SPEC(deeleigen)	7945	430409030	80.559
omkomen WW(vd,vrij,zonder)	7944	430416974	80.5605
systeem N(soort,mv,basis)	7943	430424917	80.562
hel N(soort,ev,basis,zijd,stan)	7942	430432859	80.5635
dergelijk ADJ(prenom,basis,zonder)	7942	430440801	80.565
afwezigheid N(soort,ev,basis,zijd,stan)	7937	430448738	80.5664
bocht N(soort,ev,basis,zijd,stan)	7935	430456673	80.5679
biologisch ADJ(prenom,basis,met-e,stan)	7934	430464607	80.5694
good SPEC(vreemd)	7932	430472539	80.5709
kiezen WW(pv,tgw,ev)	7926	430480465	80.5724
blijken WW(pv,tgw,mv)	7926	430488391	80.5739
nv N(soort,ev,basis,zijd,stan)	7925	430496316	80.5753
instrument N(soort,mv,basis)	7925	430504241	80.5768
behandelen WW(inf,vrij,zonder)	7922	430512163	80.5783
chef N(soort,ev,basis,zijd,stan)	7921	430520084	80.5798
waarschuwen WW(pv,tgw,met-t)	7919	430528003	80.5813
Aalter SPEC(deeleigen)	7919	430535922	80.5828
veilig ADJ(prenom,basis,met-e,stan)	7918	430543840	80.5842
eerder ADJ(prenom,basis,met-e,stan)	7918	430551758	80.5857
15:00 SPEC(symb)	7918	430559676	80.5872
méér VNW(onbep,grad,stan,vrij,zonder,comp)	7916	430567592	80.5887
overheid N(soort,mv,basis)	7915	430575507	80.5902
passen WW(pv,tgw,ev)	7913	430583420	80.5916
bui N(soort,ev,basis,zijd,stan)	7912	430591332	80.5931
ontvangst N(soort,ev,basis,zijd,stan)	7908	430599240	80.5946
onderuit BW()	7906	430607146	80.5961
verzekering N(soort,ev,basis,zijd,stan)	7901	430615047	80.5976
nagenoeg BW()	7894	430622941	80.599
bezoeken WW(vd,vrij,zonder)	7894	430630835	80.6005
1977 TW(hoofd,vrij)	7880	430638715	80.602
verf N(soort,ev,basis,zijd,stan)	7879	430646594	80.6035
knuffie N(soort,ev,basis,zijd,stan)	7879	430654473	80.6049
bevestigen WW(inf,vrij,zonder)	7877	430662350	80.6064
Binnenlandse SPEC(deeleigen)	7876	430670226	80.6079
Bram SPEC(deeleigen)	7874	430678100	80.6094
1.000 TW(hoofd,prenom,stan)	7874	430685974	80.6108
voorhand N(soort,ev,basis,zijd,stan)	7871	430693845	80.6123
olympisch ADJ(prenom,basis,met-e,stan)	7869	430701714	80.6138
Marco SPEC(deeleigen)	7866	430709580	80.6153
zakken WW(inf,vrij,zonder)	7865	430717445	80.6167
federatie N(soort,ev,basis,zijd,stan)	7864	430725309	80.6182
deens ADJ(prenom,basis,met-e,stan)	7864	430733173	80.6197
beschuldigen WW(vd,vrij,zonder)	7860	430741033	80.6211
onderling ADJ(prenom,basis,met-e,stan)	7856	430748889	80.6226
aftrap N(soort,ev,basis,zijd,stan)	7855	430756744	80.6241
51 TW(hoofd,vrij)	7853	430764597	80.6256
simpel ADJ(prenom,basis,met-e,stan)	7850	430772447	80.627
fonds N(soort,mv,basis)	7849	430780296	80.6285
dwars ADJ(vrij,basis,zonder)	7849	430788145	80.63
zojuist BW()	7847	430795992	80.6314
welzijn N(soort,ev,basis,onz,stan)	7847	430803839	80.6329
inspiratie N(soort,ev,basis,zijd,stan)	7845	430811684	80.6344
traag ADJ(vrij,basis,zonder)	7841	430819525	80.6358
realiseren WW(vd,vrij,zonder)	7841	430827366	80.6373
fantastisch ADJ(prenom,basis,met-e,stan)	7839	430835205	80.6388
voorheen BW()	7838	430843043	80.6402
Senaat N(soort,ev,basis,zijd,stan)	7836	430850879	80.6417
blesseren WW(vd,vrij,zonder)	7834	430858713	80.6432
aankomen WW(vd,vrij,zonder)	7834	430866547	80.6446
vullen WW(vd,vrij,zonder)	7830	430874377	80.6461
bestrijden WW(inf,vrij,zonder)	7828	430882205	80.6476
doorbraak N(soort,ev,basis,zijd,stan)	7827	430890032	80.649
volwassen ADJ(prenom,basis,zonder)	7822	430897854	80.6505
potentieel ADJ(prenom,basis,met-e,stan)	7822	430905676	80.652
middernacht N(soort,ev,basis,zijd,stan)	7821	430913497	80.6534
produkt N(soort,mv,basis)	7819	430921316	80.6549
kinderopvang N(soort,ev,basis,zijd,stan)	7819	430929135	80.6564
betrekking N(soort,mv,basis)	7818	430936953	80.6578
fel ADJ(prenom,basis,met-e,stan)	7815	430944768	80.6593
géén VNW(onbep,det,stan,prenom,zonder,agr)	7812	430952580	80.6607
lezing N(soort,ev,basis,zijd,stan)	7810	430960390	80.6622
betaling N(soort,ev,basis,zijd,stan)	7809	430968199	80.6637
mandaat N(soort,ev,basis,onz,stan)	7803	430976002	80.6651
generatie N(soort,mv,basis)	7800	430983802	80.6666
gewoonte N(soort,ev,basis,zijd,stan)	7795	430991597	80.668
aanwijzing N(soort,mv,basis)	7792	430999389	80.6695
produceren WW(inf,vrij,zonder)	7789	431007178	80.671
Keulen SPEC(deeleigen)	7789	431014967	80.6724
misdaad N(soort,ev,basis,zijd,stan)	7788	431022755	80.6739
federaal ADJ(prenom,basis,zonder)	7785	431030540	80.6753
profiel N(soort,ev,basis,onz,stan)	7784	431038324	80.6768
Germinal SPEC(deeleigen)	7784	431046108	80.6782
testen WW(inf,vrij,zonder)	7783	431053891	80.6797
radicaal ADJ(prenom,basis,met-e,stan)	7775	431061666	80.6812
vieren WW(vd,vrij,zonder)	7773	431069439	80.6826
inschrijven WW(vd,vrij,zonder)	7772	431077211	80.6841
hinder N(soort,ev,basis,zijd,stan)	7772	431084983	80.6855
aspect N(soort,ev,basis,onz,stan)	7772	431092755	80.687
trio N(soort,ev,basis,onz,stan)	7771	431100526	80.6884
concert N(soort,mv,basis)	7768	431108294	80.6899
uitmaken WW(inf,vrij,zonder)	7765	431116059	80.6913
Electrabel SPEC(deeleigen)	7765	431123824	80.6928
zogeheten ADJ(prenom,basis,zonder)	7764	431131588	80.6942
Dender SPEC(deeleigen)	7762	431139350	80.6957
conservatief ADJ(prenom,basis,met-e,stan)	7760	431147110	80.6971
effe BW()	7756	431154866	80.6986
52 TW(hoofd,vrij)	7756	431162622	80.7001
Mertens SPEC(deeleigen)	7755	431170377	80.7015
nieuwkomer N(soort,mv,basis)	7754	431178131	80.703
kip N(soort,ev,basis,zijd,stan)	7752	431185883	80.7044
rusten WW(inf,vrij,zonder)	7751	431193634	80.7059
machine N(soort,ev,basis,zijd,stan)	7751	431201385	80.7073
wensen WW(pv,tgw,ev)	7750	431209135	80.7088
schouder N(soort,ev,basis,zijd,stan)	7750	431216885	80.7102
blind ADJ(vrij,basis,zonder)	7749	431224634	80.7117
knuffel N(soort,ev,basis,zijd,stan)	7747	431232381	80.7131
eiland N(soort,mv,basis)	7746	431240127	80.7146
Leiden SPEC(deeleigen)	7746	431247873	80.716
peloton N(soort,ev,basis,onz,stan)	7745	431255618	80.7175
lief ADJ(prenom,basis,zonder)	7745	431263363	80.7189
groep N(soort,ev,dim,onz,stan)	7745	431271108	80.7204
rebel N(soort,mv,basis)	7739	431278847	80.7218
keel N(soort,ev,basis,zijd,stan)	7739	431286586	80.7233
film N(soort,ev,dim,onz,stan)	7739	431294325	80.7247
terugkeren WW(inf,vrij,zonder)	7734	431302059	80.7262
beschermen WW(vd,vrij,zonder)	7733	431309792	80.7276
machine N(soort,mv,basis)	7732	431317524	80.729
1945 TW(hoofd,vrij)	7731	431325255	80.7305
vervelen ADJ(vrij,basis,zonder)	7728	431332983	80.7319
boter N(soort,ev,basis,zijd,stan)	7728	431340711	80.7334
uitbrengen WW(vd,vrij,zonder)	7727	431348438	80.7348
go SPEC(vreemd)	7723	431356161	80.7363
warmte N(soort,ev,basis,zijd,stan)	7722	431363883	80.7377
file N(soort,ev,basis,zijd,stan)	7722	431371605	80.7392
doos N(soort,ev,basis,zijd,stan)	7722	431379327	80.7406
overlast N(soort,ev,basis,zijd,stan)	7721	431387048	80.7421
braaf ADJ(vrij,basis,zonder)	7721	431394769	80.7435
gemak N(soort,ev,basis,onz,stan)	7720	431402489	80.7449
oor N(soort,ev,basis,onz,stan)	7717	431410206	80.7464
Dries SPEC(deeleigen)	7712	431417918	80.7478
temperatuur N(soort,mv,basis)	7709	431425627	80.7493
Manchester SPEC(deeleigen)	7708	431433335	80.7507
Waasland SPEC(deeleigen)	7706	431441041	80.7522
terugvinden WW(vd,vrij,zonder)	7705	431448746	80.7536
Tsjechië SPEC(deeleigen)	7704	431456450	80.755
lift N(soort,ev,basis,zijd,stan)	7700	431464150	80.7565
toegestaan WW(vd,vrij,zonder)	7699	431471849	80.7579
tevoren BW()	7699	431479548	80.7594
oefenen WW(inf,vrij,zonder)	7697	431487245	80.7608
sanctie N(soort,mv,basis)	7696	431494941	80.7623
onzekerheid N(soort,ev,basis,zijd,stan)	7695	431502636	80.7637
element N(soort,ev,basis,onz,stan)	7692	431510328	80.7651
uitzonderlijk ADJ(vrij,basis,zonder)	7691	431518019	80.7666
stoel N(soort,mv,basis)	7687	431525706	80.768
ha TSW()	7687	431533393	80.7694
bekendmaking N(soort,ev,basis,zijd,stan)	7681	431541074	80.7709
as SPEC(vreemd)	7681	431548755	80.7723
Centrum SPEC(deeleigen)	7680	431556435	80.7738
succesvol ADJ(vrij,basis,zonder)	7679	431564114	80.7752
Jean-Marie SPEC(deeleigen)	7679	431571793	80.7766
ophalen WW(inf,vrij,zonder)	7677	431579470	80.7781
fysiek ADJ(vrij,basis,zonder)	7672	431587142	80.7795
alsmede VG(neven)	7672	431594814	80.7809
daadwerkelijk ADJ(vrij,basis,zonder)	7670	431602484	80.7824
SC SPEC(deeleigen)	7668	431610152	80.7838
Niels SPEC(deeleigen)	7665	431617817	80.7853
verbaasd WW(vd,vrij,zonder)	7663	431625480	80.7867
geneesmiddel N(soort,mv,basis)	7663	431633143	80.7881
gewoonlijk ADJ(vrij,basis,zonder)	7661	431640804	80.7896
Hotel SPEC(deeleigen)	7661	431648465	80.791
Gilbert SPEC(deeleigen)	7661	431656126	80.7924
opleggen WW(vd,vrij,zonder)	7658	431663784	80.7939
Vande SPEC(deeleigen)	7658	431671442	80.7953
waardering N(soort,ev,basis,zijd,stan)	7654	431679096	80.7967
west-vlaams ADJ(prenom,basis,met-e,stan)	7653	431686749	80.7982
Henry SPEC(deeleigen)	7651	431694400	80.7996
aanvaller N(soort,ev,basis,zijd,stan)	7647	431702047	80.801
excuus N(soort,mv,basis)	7646	431709693	80.8024
Rudi SPEC(deeleigen)	7646	431717339	80.8039
Le SPEC(vreemd)	7646	431724985	80.8053
droog ADJ(prenom,basis,met-e,stan)	7644	431732629	80.8067
t N(soort,ev,basis,zijd,stan)	7642	431740271	80.8082
steunen WW(vd,vrij,zonder)	7642	431747913	80.8096
pond N(soort,ev,basis,onz,stan)	7642	431755555	80.811
cultureel ADJ(prenom,basis,zonder)	7639	431763194	80.8125
Lommel SPEC(deeleigen)	7635	431770829	80.8139
praktisch ADJ(vrij,basis,zonder)	7632	431778461	80.8153
eis N(soort,ev,basis,zijd,stan)	7632	431786093	80.8167
geloven WW(pv,tgw,mv)	7631	431793724	80.8182
nuttig ADJ(vrij,basis,zonder)	7630	431801354	80.8196
1973 TW(hoofd,vrij)	7630	431808984	80.821
nederlandstalig ADJ(prenom,basis,met-e,stan)	7628	431816612	80.8225
oké ADJ(vrij,basis,zonder)	7627	431824239	80.8239
versterken WW(vd,vrij,zonder)	7626	431831865	80.8253
Walen SPEC(deeleigen)	7626	431839491	80.8267
persconferentie N(soort,ev,basis,zijd,stan)	7624	431847115	80.8282
subsidie N(soort,ev,basis,zijd,stan)	7618	431854733	80.8296
vliegen WW(pv,tgw,met-t)	7614	431862347	80.831
term N(soort,mv,basis)	7613	431869960	80.8324
pen N(soort,ev,basis,zijd,stan)	7612	431877572	80.8339
verdeling N(soort,ev,basis,zijd,stan)	7606	431885178	80.8353
lijst N(soort,ev,dim,onz,stan)	7604	431892782	80.8367
hotel N(soort,mv,basis)	7604	431900386	80.8381
Anciaux SPEC(deeleigen)	7604	431907990	80.8396
metal SPEC(vreemd)	7603	431915593	80.841
TMF SPEC(deeleigen)	7603	431923196	80.8424
zondagavond N(soort,ev,basis,zijd,stan)	7600	431930796	80.8438
veranderen WW(pv,verl,ev)	7599	431938395	80.8453
keuze N(soort,mv,basis)	7593	431945988	80.8467
1968 TW(hoofd,vrij)	7591	431953579	80.8481
verbieden WW(inf,vrij,zonder)	7587	431961166	80.8495
garantie N(soort,ev,basis,zijd,stan)	7587	431968753	80.8509
omgaan WW(inf,vrij,zonder)	7585	431976338	80.8524
17.00 SPEC(symb)	7583	431983921	80.8538
toestel N(soort,mv,basis)	7580	431991501	80.8552
hooguit BW()	7577	431999078	80.8566
discussie N(soort,mv,basis)	7577	432006655	80.858
wijziging N(soort,mv,basis)	7576	432014231	80.8594
traditioneel ADJ(vrij,basis,zonder)	7576	432021807	80.8609
mss SPEC(vreemd)	7576	432029383	80.8623
Rompuy SPEC(deeleigen)	7576	432036959	80.8637
